0 1 81
0 2 88
0 3 81
0 4 22
0 5 91
0 6 35
0 7 34
0 8 35
0 9 38
0 10 2
0 11 35
0 12 54
0 13 36
0 14 13
0 15 73
0 16 10
0 17 21
0 18 63
0 19 2
0 20 76
0 21 65
0 22 5
0 23 63
0 24 90
0 25 65
0 26 87
0 27 38
0 28 65
0 29 53
0 30 80
0 31 70
0 32 23
0 33 10
0 34 80
0 35 6
0 36 83
0 37 77
0 38 25
0 39 44
0 40 44
0 41 2
0 42 7
0 43 98
0 44 50
0 45 48
0 46 49
0 47 71
0 48 89
0 49 68
0 50 50
0 51 28
0 52 66
0 53 8
0 54 19
0 55 73
0 56 50
0 57 88
0 58 94
0 59 60
0 60 41
0 61 63
0 62 99
0 63 16
0 64 2
0 65 0
0 66 40
0 67 31
0 68 0
0 69 10
1 2 97
1 3 24
1 4 45
1 5 59
1 6 11
1 7 86
1 8 51
1 9 2
1 10 23
1 11 49
1 12 11
1 13 93
1 14 84
1 15 14
1 16 58
1 17 42
1 18 63
1 19 0
1 20 19
1 21 42
1 22 21
1 23 15
1 24 26
1 25 65
1 26 68
1 27 58
1 28 66
1 29 83
1 30 62
1 31 3
1 32 8
1 33 16
1 34 38
1 35 90
1 36 14
1 37 82
1 38 68
1 39 47
1 40 23
1 41 72
1 42 36
1 43 19
1 44 41
1 45 40
1 46 45
1 47 21
1 48 61
1 49 39
1 50 5
1 51 55
1 52 10
1 53 40
1 54 67
1 55 0
1 56 69
1 57 23
1 58 17
1 59 75
1 60 78
1 61 41
1 62 56
1 63 57
1 64 70
1 65 34
1 66 45
1 67 4
1 68 18
1 69 93
2 3 6
2 4 73
2 5 69
2 6 51
2 7 8
2 8 64
2 9 29
2 10 0
2 11 87
2 12 78
2 13 5
2 14 77
2 15 92
2 16 42
2 17 73
2 18 96
2 19 50
2 20 88
2 21 49
2 22 97
2 23 77
2 24 79
2 25 57
2 26 47
2 27 59
2 28 75
2 29 86
2 30 80
2 31 22
2 32 21
2 33 33
2 34 5
2 35 55
2 36 20
2 37 19
2 38 30
2 39 34
2 40 22
2 41 73
2 42 84
2 43 92
2 44 92
2 45 5
2 46 65
2 47 63
2 48 60
2 49 44
2 50 28
2 51 79
2 52 1
2 53 79
2 54 69
2 55 70
2 56 63
2 57 19
2 58 44
2 59 93
2 60 8
2 61 2
2 62 24
2 63 29
2 64 80
2 65 25
2 66 45
2 67 95
2 68 42
2 69 9
3 4 80
3 5 54
3 6 57
3 7 3
3 8 2
3 9 47
3 10 21
3 11 73
3 12 34
3 13 53
3 14 51
3 15 62
3 16 31
3 17 97
3 18 14
3 19 92
3 20 31
3 21 0
3 22 55
3 23 39
3 24 70
3 25 20
3 26 49
3 27 36
3 28 76
3 29 28
3 30 29
3 31 99
3 32 70
3 33 45
3 34 53
3 35 62
3 36 47
3 37 51
3 38 74
3 39 28
3 40 63
3 41 13
3 42 82
3 43 81
3 44 18
3 45 42
3 46 91
3 47 64
3 48 56
3 49 48
3 50 73
3 51 56
3 52 33
3 53 62
3 54 17
3 55 66
3 56 42
3 57 17
3 58 99
3 59 96
3 60 50
3 61 62
3 62 60
3 63 47
3 64 2
3 65 28
3 66 99
3 67 26
3 68 5
3 69 89
4 5 52
4 6 27
4 7 96
4 8 84
4 9 37
4 10 48
4 11 90
4 12 1
4 13 82
4 14 15
4 15 7
4 16 81
4 17 58
4 18 0
4 19 41
4 20 16
4 21 56
4 22 72
4 23 12
4 24 74
4 25 44
4 26 53
4 27 77
4 28 27
4 29 61
4 30 2
4 31 7
4 32 17
4 33 8
4 34 39
4 35 94
4 36 26
4 37 63
4 38 40
4 39 5
4 40 95
4 41 73
4 42 91
4 43 93
4 44 32
4 45 50
4 46 42
4 47 33
4 48 66
4 49 39
4 50 39
4 51 46
4 52 71
4 53 17
4 54 28
4 55 50
4 56 84
4 57 4
4 58 74
4 59 28
4 60 23
4 61 82
4 62 99
4 63 11
4 64 40
4 65 75
4 66 37
4 67 96
4 68 13
4 69 36
5 6 37
5 7 80
5 8 66
5 9 13
5 10 68
5 11 96
5 12 17
5 13 52
5 14 6
5 15 61
5 16 73
5 17 91
5 18 36
5 19 9
5 20 69
5 21 17
5 22 69
5 23 0
5 24 34
5 25 4
5 26 37
5 27 6
5 28 29
5 29 96
5 30 0
5 31 26
5 32 26
5 33 78
5 34 32
5 35 69
5 36 61
5 37 53
5 38 18
5 39 22
5 40 57
5 41 75
5 42 17
5 43 92
5 44 98
5 45 54
5 46 96
5 47 43
5 48 15
5 49 35
5 50 1
5 51 98
5 52 31
5 53 79
5 54 2
5 55 9
5 56 78
5 57 25
5 58 23
5 59 25
5 60 34
5 61 54
5 62 56
5 63 40
5 64 14
5 65 40
5 66 93
5 67 25
5 68 64
5 69 31
6 7 41
6 8 96
6 9 11
6 10 93
6 11 28
6 12 31
6 13 4
6 14 63
6 15 9
6 16 2
6 17 50
6 18 63
6 19 66
6 20 4
6 21 54
6 22 91
6 23 94
6 24 70
6 25 1
6 26 69
6 27 76
6 28 9
6 29 76
6 30 98
6 31 80
6 32 67
6 33 39
6 34 50
6 35 37
6 36 23
6 37 80
6 38 83
6 39 17
6 40 96
6 41 58
6 42 90
6 43 84
6 44 4
6 45 95
6 46 33
6 47 49
6 48 15
6 49 88
6 50 93
6 51 88
6 52 23
6 53 33
6 54 10
6 55 76
6 56 48
6 57 68
6 58 75
6 59 0
6 60 44
6 61 96
6 62 81
6 63 13
6 64 98
6 65 68
6 66 18
6 67 25
6 68 79
6 69 37
7 8 78
7 9 75
7 10 4
7 11 0
7 12 85
7 13 33
7 14 84
7 15 43
7 16 48
7 17 46
7 18 11
7 19 28
7 20 69
7 21 32
7 22 29
7 23 21
7 24 17
7 25 89
7 26 3
7 27 67
7 28 70
7 29 70
7 30 51
7 31 34
7 32 6
7 33 60
7 34 92
7 35 53
7 36 83
7 37 67
7 38 21
7 39 15
7 40 53
7 41 43
7 42 17
7 43 3
7 44 27
7 45 39
7 46 8
7 47 72
7 48 27
7 49 86
7 50 37
7 51 64
7 52 59
7 53 32
7 54 65
7 55 58
7 56 60
7 57 45
7 58 4
7 59 94
7 60 95
7 61 50
7 62 86
7 63 92
7 64 54
7 65 55
7 66 78
7 67 30
7 68 35
7 69 4
8 9 73
8 10 30
8 11 18
8 12 12
8 13 64
8 14 71
8 15 11
8 16 40
8 17 62
8 18 50
8 19 5
8 20 8
8 21 16
8 22 29
8 23 64
8 24 94
8 25 45
8 26 21
8 27 38
8 28 6
8 29 3
8 30 38
8 31 7
8 32 27
8 33 66
8 34 36
8 35 72
8 36 78
8 37 71
8 38 98
8 39 35
8 40 87
8 41 88
8 42 10
8 43 99
8 44 34
8 45 7
8 46 55
8 47 48
8 48 4
8 49 8
8 50 82
8 51 17
8 52 87
8 53 18
8 54 31
8 55 9
8 56 6
8 57 25
8 58 74
8 59 37
8 60 69
8 61 57
8 62 95
8 63 72
8 64 26
8 65 54
8 66 42
8 67 67
8 68 65
8 69 3
9 10 31
9 11 95
9 12 73
9 13 51
9 14 63
9 15 82
9 16 28
9 17 10
9 18 20
9 19 84
9 20 37
9 21 26
9 22 71
9 23 2
9 24 84
9 25 24
9 26 64
9 27 17
9 28 49
9 29 94
9 30 2
9 31 40
9 32 89
9 33 15
9 34 86
9 35 6
9 36 27
9 37 13
9 38 67
9 39 51
9 40 91
9 41 10
9 42 5
9 43 74
9 44 58
9 45 16
9 46 6
9 47 72
9 48 81
9 49 86
9 50 18
9 51 49
9 52 83
9 53 89
9 54 19
9 55 52
9 56 43
9 57 37
9 58 77
9 59 63
9 60 91
9 61 19
9 62 81
9 63 30
9 64 54
9 65 76
9 66 24
9 67 6
9 68 37
9 69 89
10 11 52
10 12 69
10 13 81
10 14 90
10 15 41
10 16 63
10 17 4
10 18 85
10 19 65
10 20 82
10 21 34
10 22 24
10 23 57
10 24 42
10 25 86
10 26 48
10 27 63
10 28 16
10 29 16
10 30 28
10 31 79
10 32 71
10 33 85
10 34 10
10 35 2
10 36 94
10 37 52
10 38 31
10 39 96
10 40 2
10 41 43
10 42 11
10 43 40
10 44 91
10 45 27
10 46 14
10 47 3
10 48 66
10 49 92
10 50 12
10 51 37
10 52 60
10 53 14
10 54 79
10 55 26
10 56 44
10 57 81
10 58 2
10 59 53
10 60 33
10 61 55
10 62 50
10 63 92
10 64 83
10 65 96
10 66 17
10 67 73
10 68 38
10 69 20
11 12 58
11 13 29
11 14 82
11 15 92
11 16 62
11 17 49
11 18 53
11 19 99
11 20 43
11 21 45
11 22 95
11 23 78
11 24 7
11 25 6
11 26 69
11 27 9
11 28 47
11 29 12
11 30 87
11 31 71
11 32 28
11 33 16
11 34 3
11 35 58
11 36 64
11 37 21
11 38 99
11 39 50
11 40 7
11 41 19
11 42 94
11 43 13
11 44 69
11 45 33
11 46 52
11 47 4
11 48 55
11 49 86
11 50 81
11 51 57
11 52 64
11 53 79
11 54 57
11 55 6
11 56 56
11 57 15
11 58 72
11 59 32
11 60 41
11 61 96
11 62 51
11 63 80
11 64 39
11 65 82
11 66 38
11 67 45
11 68 82
11 69 30
12 13 93
12 14 57
12 15 75
12 16 35
12 17 15
12 18 83
12 19 20
12 20 72
12 21 57
12 22 67
12 23 23
12 24 86
12 25 5
12 26 33
12 27 39
12 28 95
12 29 84
12 30 30
12 31 87
12 32 3
12 33 65
12 34 3
12 35 40
12 36 70
12 37 94
12 38 30
12 39 26
12 40 39
12 41 13
12 42 26
12 43 72
12 44 43
12 45 62
12 46 32
12 47 70
12 48 46
12 49 25
12 50 40
12 51 62
12 52 17
12 53 41
12 54 80
12 55 74
12 56 28
12 57 32
12 58 28
12 59 96
12 60 51
12 61 42
12 62 73
12 63 81
12 64 28
12 65 71
12 66 76
12 67 7
12 68 71
12 69 2
13 14 29
13 15 15
13 16 49
13 17 31
13 18 35
13 19 59
13 20 27
13 21 77
13 22 58
13 23 20
13 24 3
13 25 23
13 26 13
13 27 68
13 28 55
13 29 66
13 30 37
13 31 14
13 32 39
13 33 52
13 34 39
13 35 37
13 36 26
13 37 54
13 38 78
13 39 59
13 40 96
13 41 67
13 42 95
13 43 31
13 44 24
13 45 77
13 46 69
13 47 84
13 48 83
13 49 53
13 50 83
13 51 59
13 52 34
13 53 40
13 54 19
13 55 83
13 56 85
13 57 58
13 58 95
13 59 63
13 60 40
13 61 69
13 62 46
13 63 40
13 64 58
13 65 37
13 66 38
13 67 25
13 68 7
13 69 20
14 15 58
14 16 21
14 17 4
14 18 22
14 19 45
14 20 65
14 21 88
14 22 49
14 23 35
14 24 26
14 25 57
14 26 45
14 27 41
14 28 92
14 29 80
14 30 74
14 31 19
14 32 8
14 33 72
14 34 20
14 35 7
14 36 42
14 37 3
14 38 86
14 39 64
14 40 35
14 41 47
14 42 27
14 43 59
14 44 3
14 45 4
14 46 26
14 47 95
14 48 88
14 49 78
14 50 37
14 51 34
14 52 27
14 53 67
14 54 65
14 55 72
14 56 74
14 57 51
14 58 71
14 59 55
14 60 28
14 61 5
14 62 62
14 63 24
14 64 21
14 65 60
14 66 95
14 67 28
14 68 5
14 69 42
15 16 63
15 17 28
15 18 78
15 19 1
15 20 83
15 21 90
15 22 97
15 23 79
15 24 21
15 25 54
15 26 75
15 27 8
15 28 52
15 29 42
15 30 84
15 31 67
15 32 30
15 33 10
15 34 8
15 35 65
15 36 16
15 37 4
15 38 50
15 39 31
15 40 79
15 41 17
15 42 24
15 43 18
15 44 40
15 45 56
15 46 39
15 47 32
15 48 82
15 49 94
15 50 69
15 51 36
15 52 28
15 53 66
15 54 97
15 55 94
15 56 85
15 57 0
15 58 26
15 59 99
15 60 82
15 61 88
15 62 77
15 63 25
15 64 7
15 65 32
15 66 37
15 67 88
15 68 84
15 69 96
16 17 61
16 18 36
16 19 15
16 20 56
16 21 29
16 22 77
16 23 79
16 24 36
16 25 27
16 26 24
16 27 58
16 28 4
16 29 46
16 30 5
16 31 73
16 32 12
16 33 50
16 34 70
16 35 20
16 36 19
16 37 2
16 38 35
16 39 72
16 40 15
16 41 58
16 42 33
16 43 71
16 44 47
16 45 84
16 46 5
16 47 23
16 48 48
16 49 81
16 50 86
16 51 80
16 52 79
16 53 39
16 54 92
16 55 12
16 56 19
16 57 99
16 58 34
16 59 78
16 60 16
16 61 50
16 62 43
16 63 33
16 64 87
16 65 7
16 66 49
16 67 54
16 68 26
16 69 25
17 18 13
17 19 14
17 20 60
17 21 45
17 22 38
17 23 33
17 24 20
17 25 40
17 26 26
17 27 22
17 28 61
17 29 49
17 30 59
17 31 11
17 32 21
17 33 63
17 34 87
17 35 69
17 36 42
17 37 98
17 38 32
17 39 75
17 40 41
17 41 85
17 42 98
17 43 68
17 44 97
17 45 55
17 46 0
17 47 28
17 48 83
17 49 17
17 50 43
17 51 3
17 52 30
17 53 6
17 54 9
17 55 46
17 56 10
17 57 15
17 58 6
17 59 19
17 60 78
17 61 16
17 62 48
17 63 58
17 64 35
17 65 8
17 66 52
17 67 32
17 68 96
17 69 80
18 19 99
18 20 20
18 21 76
18 22 45
18 23 95
18 24 70
18 25 93
18 26 36
18 27 61
18 28 62
18 29 6
18 30 26
18 31 53
18 32 13
18 33 88
18 34 14
18 35 2
18 36 10
18 37 36
18 38 70
18 39 83
18 40 59
18 41 27
18 42 39
18 43 93
18 44 40
18 45 79
18 46 42
18 47 24
18 48 48
18 49 44
18 50 91
18 51 67
18 52 66
18 53 49
18 54 21
18 55 25
18 56 85
18 57 99
18 58 66
18 59 76
18 60 96
18 61 2
18 62 52
18 63 13
18 64 76
18 65 23
18 66 13
18 67 42
18 68 18
18 69 59
19 20 5
19 21 17
19 22 32
19 23 54
19 24 90
19 25 12
19 26 71
19 27 75
19 28 46
19 29 17
19 30 51
19 31 90
19 32 7
19 33 40
19 34 75
19 35 49
19 36 36
19 37 82
19 38 72
19 39 42
19 40 78
19 41 20
19 42 52
19 43 33
19 44 81
19 45 46
19 46 50
19 47 93
19 48 29
19 49 55
19 50 7
19 51 77
19 52 50
19 53 5
19 54 93
19 55 74
19 56 6
19 57 87
19 58 82
19 59 9
19 60 5
19 61 42
19 62 80
19 63 40
19 64 54
19 65 90
19 66 40
19 67 58
19 68 27
19 69 91
20 21 50
20 22 50
20 23 93
20 24 31
20 25 23
20 26 44
20 27 22
20 28 17
20 29 39
20 30 96
20 31 17
20 32 17
20 33 56
20 34 19
20 35 3
20 36 2
20 37 17
20 38 21
20 39 20
20 40 73
20 41 83
20 42 51
20 43 21
20 44 82
20 45 41
20 46 93
20 47 27
20 48 89
20 49 7
20 50 60
20 51 69
20 52 70
20 53 67
20 54 15
20 55 6
20 56 14
20 57 87
20 58 24
20 59 81
20 60 26
20 61 89
20 62 19
20 63 92
20 64 11
20 65 77
20 66 10
20 67 81
20 68 63
20 69 98
21 22 28
21 23 89
21 24 90
21 25 39
21 26 1
21 27 18
21 28 31
21 29 41
21 30 60
21 31 17
21 32 8
21 33 18
21 34 68
21 35 53
21 36 57
21 37 57
21 38 78
21 39 18
21 40 26
21 41 15
21 42 50
21 43 39
21 44 44
21 45 54
21 46 0
21 47 24
21 48 53
21 49 0
21 50 26
21 51 21
21 52 95
21 53 28
21 54 98
21 55 37
21 56 50
21 57 71
21 58 42
21 59 28
21 60 11
21 61 40
21 62 79
21 63 23
21 64 88
21 65 34
21 66 36
21 67 58
21 68 56
21 69 88
22 23 6
22 24 7
22 25 82
22 26 90
22 27 26
22 28 10
22 29 96
22 30 20
22 31 83
22 32 41
22 33 5
22 34 77
22 35 65
22 36 86
22 37 75
22 38 82
22 39 48
22 40 77
22 41 24
22 42 54
22 43 43
22 44 83
22 45 56
22 46 59
22 47 64
22 48 98
22 49 92
22 50 86
22 51 65
22 52 42
22 53 69
22 54 69
22 55 98
22 56 12
22 57 12
22 58 93
22 59 24
22 60 51
22 61 24
22 62 31
22 63 35
22 64 78
22 65 15
22 66 2
22 67 62
22 68 96
22 69 16
23 24 8
23 25 16
23 26 19
23 27 15
23 28 74
23 29 52
23 30 32
23 31 11
23 32 46
23 33 25
23 34 74
23 35 48
23 36 96
23 37 22
23 38 12
23 39 65
23 40 87
23 41 36
23 42 16
23 43 85
23 44 11
23 45 72
23 46 84
23 47 52
23 48 52
23 49 91
23 50 38
23 51 4
23 52 80
23 53 49
23 54 40
23 55 3
23 56 40
23 57 58
23 58 67
23 59 67
23 60 88
23 61 87
23 62 69
23 63 16
23 64 83
23 65 73
23 66 63
23 67 10
23 68 4
23 69 4
24 25 34
24 26 80
24 27 54
24 28 20
24 29 64
24 30 8
24 31 38
24 32 1
24 33 52
24 34 81
24 35 76
24 36 1
24 37 53
24 38 49
24 39 33
24 40 86
24 41 88
24 42 48
24 43 15
24 44 56
24 45 82
24 46 90
24 47 63
24 48 62
24 49 12
24 50 78
24 51 63
24 52 98
24 53 14
24 54 17
24 55 2
24 56 61
24 57 99
24 58 24
24 59 31
24 60 31
24 61 99
24 62 54
24 63 43
24 64 88
24 65 98
24 66 63
24 67 69
24 68 11
24 69 59
25 26 33
25 27 34
25 28 43
25 29 73
25 30 96
25 31 55
25 32 17
25 33 60
25 34 72
25 35 19
25 36 1
25 37 90
25 38 54
25 39 63
25 40 26
25 41 72
25 42 0
25 43 56
25 44 3
25 45 65
25 46 17
25 47 5
25 48 7
25 49 71
25 50 55
25 51 27
25 52 23
25 53 14
25 54 86
25 55 22
25 56 46
25 57 25
25 58 42
25 59 11
25 60 60
25 61 1
25 62 60
25 63 56
25 64 72
25 65 33
25 66 28
25 67 35
25 68 54
25 69 64
26 27 91
26 28 75
26 29 4
26 30 62
26 31 76
26 32 4
26 33 37
26 34 82
26 35 68
26 36 46
26 37 81
26 38 18
26 39 37
26 40 94
26 41 86
26 42 67
26 43 67
26 44 53
26 45 74
26 46 34
26 47 25
26 48 95
26 49 74
26 50 75
26 51 52
26 52 59
26 53 32
26 54 61
26 55 22
26 56 66
26 57 53
26 58 65
26 59 89
26 60 54
26 61 89
26 62 38
26 63 60
26 64 18
26 65 73
26 66 17
26 67 33
26 68 88
26 69 44
27 28 21
27 29 68
27 30 74
27 31 60
27 32 54
27 33 63
27 34 47
27 35 87
27 36 77
27 37 72
27 38 11
27 39 1
27 40 6
27 41 5
27 42 99
27 43 58
27 44 78
27 45 81
27 46 83
27 47 34
27 48 92
27 49 79
27 50 0
27 51 94
27 52 47
27 53 83
27 54 37
27 55 65
27 56 62
27 57 97
27 58 45
27 59 62
27 60 40
27 61 65
27 62 29
27 63 68
27 64 75
27 65 50
27 66 1
27 67 65
27 68 49
27 69 71
28 29 82
28 30 66
28 31 14
28 32 40
28 33 33
28 34 56
28 35 81
28 36 18
28 37 26
28 38 57
28 39 56
28 40 52
28 41 1
28 42 17
28 43 46
28 44 30
28 45 12
28 46 9
28 47 18
28 48 0
28 49 55
28 50 62
28 51 43
28 52 40
28 53 53
28 54 50
28 55 44
28 56 6
28 57 48
28 58 81
28 59 68
28 60 72
28 61 23
28 62 92
28 63 26
28 64 71
28 65 44
28 66 58
28 67 9
28 68 14
28 69 91
29 30 60
29 31 80
29 32 10
29 33 42
29 34 26
29 35 95
29 36 50
29 37 28
29 38 8
29 39 40
29 40 67
29 41 78
29 42 77
29 43 18
29 44 92
29 45 6
29 46 34
29 47 1
29 48 67
29 49 49
29 50 31
29 51 77
29 52 70
29 53 31
29 54 93
29 55 28
29 56 2
29 57 3
29 58 10
29 59 89
29 60 51
29 61 52
29 62 63
29 63 8
29 64 88
29 65 98
29 66 75
29 67 72
29 68 88
29 69 13
30 31 32
30 32 82
30 33 19
30 34 26
30 35 96
30 36 75
30 37 96
30 38 62
30 39 58
30 40 63
30 41 82
30 42 91
30 43 24
30 44 41
30 45 92
30 46 97
30 47 66
30 48 97
30 49 97
30 50 13
30 51 37
30 52 11
30 53 37
30 54 66
30 55 59
30 56 58
30 57 75
30 58 6
30 59 49
30 60 49
30 61 94
30 62 46
30 63 88
30 64 33
30 65 32
30 66 79
30 67 89
30 68 1
30 69 99
31 32 61
31 33 32
31 34 81
31 35 18
31 36 96
31 37 80
31 38 31
31 39 3
31 40 85
31 41 55
31 42 91
31 43 62
31 44 74
31 45 67
31 46 29
31 47 64
31 48 27
31 49 22
31 50 6
31 51 23
31 52 24
31 53 46
31 54 30
31 55 93
31 56 23
31 57 65
31 58 77
31 59 50
31 60 33
31 61 47
31 62 4
31 63 77
31 64 69
31 65 75
31 66 22
31 67 16
31 68 90
31 69 57
32 33 37
32 34 83
32 35 72
32 36 23
32 37 29
32 38 20
32 39 86
32 40 17
32 41 52
32 42 60
32 43 54
32 44 35
32 45 82
32 46 23
32 47 5
32 48 11
32 49 99
32 50 95
32 51 53
32 52 53
32 53 57
32 54 75
32 55 64
32 56 3
32 57 39
32 58 47
32 59 28
32 60 23
32 61 2
32 62 50
32 63 44
32 64 68
32 65 24
32 66 54
32 67 14
32 68 73
32 69 93
33 34 85
33 35 76
33 36 61
33 37 36
33 38 88
33 39 75
33 40 39
33 41 19
33 42 19
33 43 27
33 44 16
33 45 83
33 46 34
33 47 57
33 48 29
33 49 97
33 50 16
33 51 37
33 52 17
33 53 16
33 54 75
33 55 72
33 56 15
33 57 0
33 58 67
33 59 48
33 60 44
33 61 74
33 62 14
33 63 80
33 64 86
33 65 22
33 66 34
33 67 13
33 68 54
33 69 33
34 35 54
34 36 91
34 37 69
34 38 93
34 39 49
34 40 16
34 41 71
34 42 98
34 43 34
34 44 43
34 45 30
34 46 79
34 47 17
34 48 58
34 49 35
34 50 17
34 51 82
34 52 75
34 53 68
34 54 56
34 55 57
34 56 50
34 57 2
34 58 15
34 59 3
34 60 59
34 61 23
34 62 14
34 63 65
34 64 7
34 65 34
34 66 48
34 67 84
34 68 28
34 69 69
35 36 25
35 37 97
35 38 14
35 39 25
35 40 63
35 41 4
35 42 99
35 43 55
35 44 17
35 45 12
35 46 29
35 47 58
35 48 55
35 49 18
35 50 94
35 51 1
35 52 79
35 53 22
35 54 48
35 55 65
35 56 93
35 57 17
35 58 91
35 59 3
35 60 99
35 61 76
35 62 6
35 63 22
35 64 35
35 65 68
35 66 10
35 67 20
35 68 12
35 69 15
36 37 38
36 38 54
36 39 2
36 40 29
36 41 50
36 42 28
36 43 42
36 44 4
36 45 16
36 46 62
36 47 5
36 48 1
36 49 36
36 50 38
36 51 88
36 52 40
36 53 24
36 54 52
36 55 14
36 56 58
36 57 42
36 58 17
36 59 3
36 60 59
36 61 77
36 62 54
36 63 68
36 64 90
36 65 90
36 66 74
36 67 39
36 68 49
36 69 71
37 38 48
37 39 30
37 40 36
37 41 39
37 42 14
37 43 45
37 44 73
37 45 69
37 46 5
37 47 57
37 48 6
37 49 92
37 50 58
37 51 5
37 52 56
37 53 34
37 54 47
37 55 47
37 56 75
37 57 27
37 58 30
37 59 37
37 60 24
37 61 95
37 62 74
37 63 33
37 64 75
37 65 62
37 66 72
37 67 72
37 68 47
37 69 56
38 39 71
38 40 88
38 41 95
38 42 41
38 43 69
38 44 35
38 45 89
38 46 77
38 47 56
38 48 67
38 49 39
38 50 29
38 51 13
38 52 20
38 53 56
38 54 93
38 55 79
38 56 0
38 57 82
38 58 35
38 59 25
38 60 36
38 61 23
38 62 76
38 63 35
38 64 71
38 65 33
38 66 71
38 67 86
38 68 38
38 69 17
39 40 96
39 41 64
39 42 4
39 43 28
39 44 0
39 45 92
39 46 53
39 47 78
39 48 89
39 49 41
39 50 92
39 51 66
39 52 56
39 53 93
39 54 6
39 55 65
39 56 66
39 57 96
39 58 42
39 59 55
39 60 51
39 61 58
39 62 83
39 63 51
39 64 77
39 65 49
39 66 30
39 67 14
39 68 78
39 69 59
40 41 60
40 42 29
40 43 78
40 44 96
40 45 54
40 46 39
40 47 55
40 48 21
40 49 63
40 50 39
40 51 11
40 52 69
40 53 31
40 54 12
40 55 92
40 56 15
40 57 20
40 58 0
40 59 48
40 60 65
40 61 57
40 62 47
40 63 14
40 64 90
40 65 60
40 66 2
40 67 90
40 68 48
40 69 90
41 42 89
41 43 35
41 44 82
41 45 70
41 46 23
41 47 72
41 48 39
41 49 78
41 50 73
41 51 62
41 52 25
41 53 61
41 54 63
41 55 82
41 56 85
41 57 94
41 58 96
41 59 13
41 60 27
41 61 27
41 62 58
41 63 45
41 64 10
41 65 64
41 66 54
41 67 76
41 68 65
41 69 29
42 43 57
42 44 54
42 45 1
42 46 53
42 47 63
42 48 1
42 49 76
42 50 25
42 51 35
42 52 83
42 53 9
42 54 55
42 55 14
42 56 88
42 57 43
42 58 90
42 59 64
42 60 74
42 61 89
42 62 85
42 63 66
42 64 70
42 65 74
42 66 42
42 67 63
42 68 31
42 69 51
43 44 7
43 45 78
43 46 57
43 47 32
43 48 62
43 49 21
43 50 71
43 51 90
43 52 41
43 53 64
43 54 51
43 55 40
43 56 67
43 57 60
43 58 43
43 59 74
43 60 72
43 61 78
43 62 77
43 63 48
43 64 46
43 65 26
43 66 94
43 67 11
43 68 6
43 69 62
44 45 1
44 46 45
44 47 31
44 48 40
44 49 27
44 50 57
44 51 54
44 52 7
44 53 82
44 54 33
44 55 93
44 56 92
44 57 69
44 58 98
44 59 52
44 60 31
44 61 68
44 62 0
44 63 7
44 64 56
44 65 13
44 66 37
44 67 59
44 68 45
44 69 16
45 46 81
45 47 86
45 48 67
45 49 77
45 50 62
45 51 21
45 52 68
45 53 1
45 54 15
45 55 47
45 56 96
45 57 1
45 58 92
45 59 8
45 60 69
45 61 97
45 62 4
45 63 15
45 64 50
45 65 33
45 66 98
45 67 27
45 68 32
45 69 75
46 47 90
46 48 70
46 49 54
46 50 32
46 51 21
46 52 92
46 53 50
46 54 23
46 55 27
46 56 90
46 57 92
46 58 62
46 59 20
46 60 68
46 61 19
46 62 3
46 63 34
46 64 72
46 65 19
46 66 56
46 67 83
46 68 24
46 69 20
47 48 20
47 49 20
47 50 62
47 51 28
47 52 95
47 53 31
47 54 78
47 55 88
47 56 31
47 57 81
47 58 27
47 59 91
47 60 77
47 61 43
47 62 9
47 63 60
47 64 89
47 65 27
47 66 93
47 67 96
47 68 69
47 69 72
48 49 30
48 50 82
48 51 35
48 52 12
48 53 41
48 54 76
48 55 3
48 56 32
48 57 32
48 58 12
48 59 13
48 60 2
48 61 85
48 62 22
48 63 74
48 64 80
48 65 18
48 66 93
48 67 78
48 68 78
48 69 34
49 50 74
49 51 3
49 52 1
49 53 27
49 54 55
49 55 82
49 56 18
49 57 20
49 58 99
49 59 21
49 60 78
49 61 82
49 62 43
49 63 97
49 64 91
49 65 67
49 66 19
49 67 27
49 68 98
49 69 24
50 51 9
50 52 34
50 53 9
50 54 57
50 55 20
50 56 56
50 57 53
50 58 9
50 59 13
50 60 5
50 61 30
50 62 90
50 63 66
50 64 27
50 65 10
50 66 91
50 67 78
50 68 72
50 69 81
51 52 97
51 53 18
51 54 75
51 55 57
51 56 38
51 57 90
51 58 3
51 59 23
51 60 77
51 61 87
51 62 80
51 63 12
51 64 39
51 65 68
51 66 16
51 67 68
51 68 56
51 69 94
52 53 35
52 54 92
52 55 42
52 56 47
52 57 11
52 58 78
52 59 80
52 60 65
52 61 44
52 62 60
52 63 14
52 64 93
52 65 69
52 66 16
52 67 70
52 68 59
52 69 52
53 54 27
53 55 23
53 56 54
53 57 62
53 58 67
53 59 4
53 60 9
53 61 6
53 62 60
53 63 65
53 64 1
53 65 12
53 66 55
53 67 87
53 68 80
53 69 65
54 55 38
54 56 30
54 57 23
54 58 50
54 59 84
54 60 81
54 61 59
54 62 42
54 63 28
54 64 94
54 65 57
54 66 55
54 67 66
54 68 59
54 69 28
55 56 96
55 57 76
55 58 34
55 59 3
55 60 97
55 61 71
55 62 51
55 63 91
55 64 45
55 65 32
55 66 44
55 67 59
55 68 69
55 69 22
56 57 44
56 58 27
56 59 16
56 60 88
56 61 49
56 62 28
56 63 36
56 64 87
56 65 40
56 66 69
56 67 80
56 68 79
56 69 49
57 58 57
57 59 26
57 60 17
57 61 82
57 62 31
57 63 87
57 64 47
57 65 61
57 66 60
57 67 41
57 68 32
57 69 98
58 59 79
58 60 9
58 61 8
58 62 21
58 63 37
58 64 67
58 65 26
58 66 3
58 67 14
58 68 3
58 69 66
59 60 25
59 61 50
59 62 69
59 63 0
59 64 73
59 65 89
59 66 4
59 67 18
59 68 2
59 69 84
60 61 98
60 62 24
60 63 31
60 64 2
60 65 44
60 66 67
60 67 42
60 68 40
60 69 17
61 62 87
61 63 79
61 64 59
61 65 68
61 66 85
61 67 93
61 68 76
61 69 97
62 63 31
62 64 46
62 65 26
62 66 76
62 67 19
62 68 48
62 69 57
63 64 48
63 65 32
63 66 74
63 67 91
63 68 6
63 69 86
64 65 8
64 66 28
64 67 81
64 68 20
64 69 43
65 66 82
65 67 48
65 68 3
65 69 16
66 67 27
66 68 9
66 69 37
67 68 21
67 69 79
68 69 45
