0 1 62
0 2 26
0 3 99
0 4 82
0 5 55
0 6 18
0 7 22
0 8 37
0 9 74
0 10 41
0 11 99
0 12 39
0 13 16
0 14 80
0 15 60
0 16 8
0 17 36
0 18 67
0 19 22
0 20 98
0 21 74
0 22 14
0 23 54
0 24 74
0 25 1
0 26 98
0 27 3
0 28 78
0 29 35
0 30 63
0 31 17
0 32 76
0 33 85
0 34 7
0 35 94
0 36 52
0 37 55
0 38 67
0 39 12
0 40 0
0 41 14
0 42 51
0 43 8
0 44 78
0 45 17
0 46 31
0 47 33
0 48 87
0 49 20
0 50 66
0 51 4
0 52 53
0 53 98
0 54 55
0 55 92
0 56 4
0 57 53
0 58 57
0 59 2
0 60 64
0 61 3
0 62 96
0 63 64
0 64 56
0 65 12
0 66 20
0 67 40
0 68 35
0 69 46
0 70 29
0 71 30
0 72 52
0 73 26
0 74 96
0 75 49
0 76 18
0 77 85
0 78 88
0 79 99
1 2 38
1 3 70
1 4 48
1 5 83
1 6 55
1 7 47
1 8 9
1 9 1
1 10 24
1 11 77
1 12 7
1 13 58
1 14 47
1 15 16
1 16 51
1 17 57
1 18 59
1 19 75
1 20 23
1 21 24
1 22 47
1 23 42
1 24 12
1 25 10
1 26 50
1 27 25
1 28 84
1 29 91
1 30 7
1 31 47
1 32 54
1 33 50
1 34 22
1 35 28
1 36 87
1 37 17
1 38 59
1 39 13
1 40 54
1 41 73
1 42 34
1 43 13
1 44 1
1 45 34
1 46 68
1 47 11
1 48 6
1 49 52
1 50 4
1 51 45
1 52 42
1 53 23
1 54 47
1 55 7
1 56 17
1 57 21
1 58 11
1 59 13
1 60 35
1 61 95
1 62 92
1 63 43
1 64 76
1 65 50
1 66 20
1 67 65
1 68 76
1 69 97
1 70 4
1 71 28
1 72 98
1 73 10
1 74 36
1 75 66
1 76 64
1 77 11
1 78 85
1 79 48
2 3 0
2 4 92
2 5 60
2 6 24
2 7 64
2 8 53
2 9 1
2 10 5
2 11 96
2 12 3
2 13 6
2 14 62
2 15 75
2 16 96
2 17 61
2 18 22
2 19 45
2 20 13
2 21 73
2 22 62
2 23 47
2 24 99
2 25 35
2 26 60
2 27 42
2 28 99
2 29 73
2 30 20
2 31 94
2 32 11
2 33 57
2 34 4
2 35 1
2 36 95
2 37 64
2 38 19
2 39 61
2 40 99
2 41 10
2 42 70
2 43 13
2 44 55
2 45 6
2 46 30
2 47 15
2 48 81
2 49 15
2 50 88
2 51 29
2 52 23
2 53 78
2 54 63
2 55 48
2 56 2
2 57 39
2 58 33
2 59 91
2 60 25
2 61 12
2 62 98
2 63 65
2 64 38
2 65 63
2 66 48
2 67 18
2 68 35
2 69 61
2 70 78
2 71 90
2 72 97
2 73 7
2 74 91
2 75 77
2 76 91
2 77 87
2 78 47
2 79 57
3 4 6
3 5 92
3 6 0
3 7 31
3 8 74
3 9 79
3 10 98
3 11 29
3 12 14
3 13 8
3 14 50
3 15 8
3 16 89
3 17 25
3 18 44
3 19 1
3 20 11
3 21 77
3 22 61
3 23 61
3 24 6
3 25 20
3 26 75
3 27 6
3 28 39
3 29 98
3 30 13
3 31 77
3 32 28
3 33 47
3 34 93
3 35 22
3 36 5
3 37 50
3 38 17
3 39 20
3 40 9
3 41 87
3 42 39
3 43 76
3 44 86
3 45 38
3 46 56
3 47 37
3 48 1
3 49 8
3 50 5
3 51 54
3 52 93
3 53 83
3 54 92
3 55 91
3 56 30
3 57 78
3 58 61
3 59 47
3 60 68
3 61 45
3 62 57
3 63 72
3 64 70
3 65 96
3 66 39
3 67 21
3 68 49
3 69 25
3 70 22
3 71 12
3 72 88
3 73 34
3 74 69
3 75 79
3 76 91
3 77 87
3 78 61
3 79 14
4 5 51
4 6 39
4 7 68
4 8 68
4 9 81
4 10 49
4 11 81
4 12 52
4 13 54
4 14 43
4 15 69
4 16 23
4 17 62
4 18 33
4 19 93
4 20 46
4 21 86
4 22 69
4 23 1
4 24 7
4 25 33
4 26 16
4 27 63
4 28 25
4 29 74
4 30 23
4 31 43
4 32 74
4 33 35
4 34 0
4 35 24
4 36 21
4 37 40
4 38 15
4 39 54
4 40 25
4 41 94
4 42 28
4 43 4
4 44 96
4 45 6
4 46 27
4 47 19
4 48 95
4 49 49
4 50 67
4 51 8
4 52 33
4 53 70
4 54 50
4 55 95
4 56 7
4 57 88
4 58 52
4 59 33
4 60 59
4 61 10
4 62 36
4 63 28
4 64 39
4 65 47
4 66 8
4 67 16
4 68 42
4 69 71
4 70 27
4 71 41
4 72 57
4 73 1
4 74 76
4 75 7
4 76 60
4 77 23
4 78 9
4 79 86
5 6 21
5 7 30
5 8 12
5 9 56
5 10 23
5 11 99
5 12 17
5 13 58
5 14 24
5 15 7
5 16 95
5 17 56
5 18 42
5 19 43
5 20 90
5 21 51
5 22 12
5 23 68
5 24 97
5 25 8
5 26 66
5 27 11
5 28 39
5 29 20
5 30 3
5 31 91
5 32 78
5 33 93
5 34 71
5 35 44
5 36 78
5 37 85
5 38 43
5 39 3
5 40 65
5 41 99
5 42 36
5 43 42
5 44 69
5 45 24
5 46 94
5 47 79
5 48 79
5 49 20
5 50 23
5 51 67
5 52 53
5 53 30
5 54 67
5 55 99
5 56 65
5 57 26
5 58 65
5 59 78
5 60 48
5 61 4
5 62 50
5 63 69
5 64 11
5 65 44
5 66 38
5 67 94
5 68 23
5 69 66
5 70 30
5 71 98
5 72 26
5 73 11
5 74 67
5 75 96
5 76 44
5 77 2
5 78 43
5 79 43
6 7 7
6 8 38
6 9 35
6 10 29
6 11 18
6 12 85
6 13 20
6 14 30
6 15 15
6 16 0
6 17 36
6 18 28
6 19 42
6 20 5
6 21 35
6 22 13
6 23 14
6 24 79
6 25 15
6 26 54
6 27 99
6 28 52
6 29 72
6 30 65
6 31 71
6 32 43
6 33 55
6 34 49
6 35 17
6 36 64
6 37 43
6 38 70
6 39 97
6 40 1
6 41 39
6 42 72
6 43 20
6 44 54
6 45 5
6 46 94
6 47 48
6 48 65
6 49 98
6 50 86
6 51 31
6 52 51
6 53 79
6 54 55
6 55 82
6 56 50
6 57 58
6 58 28
6 59 26
6 60 34
6 61 11
6 62 55
6 63 74
6 64 29
6 65 68
6 66 95
6 67 56
6 68 72
6 69 46
6 70 97
6 71 8
6 72 81
6 73 63
6 74 13
6 75 97
6 76 55
6 77 57
6 78 23
6 79 77
7 8 25
7 9 45
7 10 40
7 11 17
7 12 56
7 13 50
7 14 71
7 15 42
7 16 27
7 17 75
7 18 66
7 19 57
7 20 86
7 21 12
7 22 44
7 23 6
7 24 45
7 25 98
7 26 50
7 27 49
7 28 68
7 29 32
7 30 24
7 31 8
7 32 20
7 33 76
7 34 66
7 35 58
7 36 46
7 37 29
7 38 12
7 39 14
7 40 90
7 41 19
7 42 98
7 43 61
7 44 41
7 45 82
7 46 84
7 47 84
7 48 70
7 49 28
7 50 5
7 51 41
7 52 31
7 53 64
7 54 1
7 55 13
7 56 43
7 57 15
7 58 96
7 59 91
7 60 90
7 61 84
7 62 29
7 63 46
7 64 11
7 65 35
7 66 84
7 67 51
7 68 17
7 69 99
7 70 8
7 71 77
7 72 74
7 73 16
7 74 95
7 75 98
7 76 22
7 77 79
7 78 86
7 79 73
8 9 12
8 10 45
8 11 44
8 12 69
8 13 66
8 14 84
8 15 27
8 16 58
8 17 82
8 18 37
8 19 60
8 20 12
8 21 3
8 22 65
8 23 89
8 24 44
8 25 38
8 26 17
8 27 84
8 28 90
8 29 1
8 30 73
8 31 38
8 32 12
8 33 8
8 34 18
8 35 96
8 36 83
8 37 94
8 38 74
8 39 46
8 40 42
8 41 98
8 42 28
8 43 28
8 44 60
8 45 30
8 46 81
8 47 61
8 48 43
8 49 99
8 50 64
8 51 14
8 52 83
8 53 83
8 54 99
8 55 32
8 56 72
8 57 11
8 58 67
8 59 92
8 60 72
8 61 60
8 62 81
8 63 70
8 64 12
8 65 6
8 66 45
8 67 86
8 68 0
8 69 60
8 70 28
8 71 77
8 72 73
8 73 79
8 74 81
8 75 30
8 76 9
8 77 92
8 78 78
8 79 78
9 10 43
9 11 43
9 12 30
9 13 64
9 14 48
9 15 34
9 16 86
9 17 72
9 18 8
9 19 72
9 20 58
9 21 78
9 22 71
9 23 74
9 24 4
9 25 28
9 26 59
9 27 87
9 28 53
9 29 70
9 30 80
9 31 6
9 32 74
9 33 78
9 34 24
9 35 52
9 36 78
9 37 89
9 38 40
9 39 82
9 40 88
9 41 3
9 42 68
9 43 61
9 44 46
9 45 56
9 46 41
9 47 31
9 48 96
9 49 67
9 50 43
9 51 84
9 52 7
9 53 81
9 54 94
9 55 82
9 56 49
9 57 80
9 58 16
9 59 24
9 60 34
9 61 73
9 62 20
9 63 96
9 64 43
9 65 75
9 66 20
9 67 33
9 68 10
9 69 50
9 70 16
9 71 24
9 72 8
9 73 81
9 74 30
9 75 41
9 76 1
9 77 18
9 78 70
9 79 80
10 11 9
10 12 31
10 13 54
10 14 30
10 15 56
10 16 67
10 17 63
10 18 98
10 19 30
10 20 0
10 21 92
10 22 56
10 23 51
10 24 82
10 25 9
10 26 96
10 27 39
10 28 73
10 29 47
10 30 54
10 31 25
10 32 26
10 33 27
10 34 81
10 35 1
10 36 22
10 37 57
10 38 34
10 39 11
10 40 61
10 41 92
10 42 57
10 43 68
10 44 0
10 45 6
10 46 95
10 47 17
10 48 66
10 49 55
10 50 1
10 51 36
10 52 10
10 53 8
10 54 12
10 55 82
10 56 91
10 57 89
10 58 83
10 59 53
10 60 51
10 61 69
10 62 27
10 63 74
10 64 9
10 65 10
10 66 83
10 67 17
10 68 42
10 69 50
10 70 71
10 71 98
10 72 1
10 73 30
10 74 69
10 75 49
10 76 81
10 77 9
10 78 34
10 79 32
11 12 68
11 13 76
11 14 2
11 15 45
11 16 64
11 17 89
11 18 4
11 19 91
11 20 49
11 21 5
11 22 51
11 23 53
11 24 27
11 25 82
11 26 77
11 27 82
11 28 95
11 29 1
11 30 79
11 31 25
11 32 22
11 33 23
11 34 79
11 35 47
11 36 22
11 37 66
11 38 20
11 39 96
11 40 91
11 41 63
11 42 50
11 43 87
11 44 59
11 45 66
11 46 1
11 47 48
11 48 91
11 49 51
11 50 64
11 51 87
11 52 37
11 53 20
11 54 53
11 55 49
11 56 58
11 57 55
11 58 95
11 59 71
11 60 91
11 61 85
11 62 49
11 63 71
11 64 64
11 65 10
11 66 83
11 67 41
11 68 44
11 69 56
11 70 17
11 71 37
11 72 56
11 73 7
11 74 32
11 75 45
11 76 6
11 77 3
11 78 13
11 79 80
12 13 15
12 14 7
12 15 21
12 16 19
12 17 18
12 18 31
12 19 27
12 20 1
12 21 85
12 22 35
12 23 59
12 24 37
12 25 58
12 26 91
12 27 66
12 28 66
12 29 34
12 30 29
12 31 52
12 32 38
12 33 27
12 34 97
12 35 55
12 36 15
12 37 43
12 38 93
12 39 86
12 40 77
12 41 45
12 42 63
12 43 46
12 44 97
12 45 38
12 46 81
12 47 62
12 48 44
12 49 18
12 50 42
12 51 99
12 52 12
12 53 71
12 54 48
12 55 52
12 56 2
12 57 53
12 58 92
12 59 14
12 60 3
12 61 61
12 62 47
12 63 44
12 64 1
12 65 55
12 66 12
12 67 26
12 68 15
12 69 57
12 70 41
12 71 87
12 72 92
12 73 56
12 74 17
12 75 60
12 76 46
12 77 94
12 78 48
12 79 28
13 14 58
13 15 87
13 16 37
13 17 35
13 18 7
13 19 9
13 20 61
13 21 28
13 22 39
13 23 73
13 24 69
13 25 7
13 26 24
13 27 43
13 28 59
13 29 17
13 30 27
13 31 47
13 32 33
13 33 73
13 34 27
13 35 71
13 36 76
13 37 31
13 38 6
13 39 36
13 40 77
13 41 22
13 42 90
13 43 4
13 44 42
13 45 12
13 46 64
13 47 26
13 48 22
13 49 70
13 50 2
13 51 57
13 52 96
13 53 59
13 54 30
13 55 23
13 56 28
13 57 33
13 58 91
13 59 55
13 60 17
13 61 69
13 62 91
13 63 70
13 64 51
13 65 17
13 66 81
13 67 26
13 68 27
13 69 13
13 70 36
13 71 8
13 72 67
13 73 65
13 74 22
13 75 59
13 76 27
13 77 38
13 78 6
13 79 15
14 15 62
14 16 91
14 17 31
14 18 40
14 19 46
14 20 14
14 21 80
14 22 33
14 23 52
14 24 66
14 25 85
14 26 20
14 27 92
14 28 82
14 29 83
14 30 46
14 31 49
14 32 93
14 33 37
14 34 12
14 35 97
14 36 28
14 37 57
14 38 82
14 39 40
14 40 82
14 41 7
14 42 78
14 43 89
14 44 67
14 45 12
14 46 65
14 47 12
14 48 43
14 49 98
14 50 16
14 51 44
14 52 58
14 53 86
14 54 25
14 55 44
14 56 22
14 57 12
14 58 29
14 59 38
14 60 99
14 61 59
14 62 56
14 63 53
14 64 98
14 65 95
14 66 23
14 67 12
14 68 92
14 69 91
14 70 78
14 71 12
14 72 43
14 73 5
14 74 88
14 75 88
14 76 67
14 77 33
14 78 60
14 79 69
15 16 87
15 17 14
15 18 99
15 19 33
15 20 17
15 21 82
15 22 82
15 23 0
15 24 22
15 25 95
15 26 19
15 27 13
15 28 4
15 29 37
15 30 77
15 31 59
15 32 14
15 33 84
15 34 72
15 35 5
15 36 90
15 37 24
15 38 45
15 39 5
15 40 84
15 41 77
15 42 6
15 43 81
15 44 44
15 45 24
15 46 66
15 47 13
15 48 70
15 49 10
15 50 21
15 51 48
15 52 34
15 53 97
15 54 74
15 55 32
15 56 2
15 57 61
15 58 28
15 59 11
15 60 88
15 61 17
15 62 18
15 63 91
15 64 26
15 65 82
15 66 27
15 67 14
15 68 27
15 69 95
15 70 73
15 71 50
15 72 78
15 73 61
15 74 85
15 75 22
15 76 62
15 77 88
15 78 46
15 79 84
16 17 65
16 18 29
16 19 15
16 20 16
16 21 17
16 22 79
16 23 75
16 24 16
16 25 8
16 26 44
16 27 99
16 28 80
16 29 96
16 30 69
16 31 61
16 32 96
16 33 6
16 34 89
16 35 81
16 36 52
16 37 20
16 38 25
16 39 43
16 40 98
16 41 3
16 42 75
16 43 50
16 44 98
16 45 5
16 46 10
16 47 22
16 48 0
16 49 57
16 50 8
16 51 68
16 52 36
16 53 56
16 54 48
16 55 93
16 56 56
16 57 85
16 58 93
16 59 58
16 60 66
16 61 13
16 62 88
16 63 47
16 64 84
16 65 73
16 66 89
16 67 74
16 68 32
16 69 46
16 70 4
16 71 52
16 72 15
16 73 11
16 74 0
16 75 7
16 76 4
16 77 16
16 78 21
16 79 44
17 18 6
17 19 80
17 20 14
17 21 39
17 22 46
17 23 9
17 24 59
17 25 58
17 26 39
17 27 73
17 28 40
17 29 55
17 30 45
17 31 39
17 32 87
17 33 31
17 34 78
17 35 73
17 36 45
17 37 84
17 38 4
17 39 81
17 40 9
17 41 56
17 42 20
17 43 80
17 44 51
17 45 80
17 46 23
17 47 61
17 48 80
17 49 55
17 50 9
17 51 56
17 52 10
17 53 46
17 54 41
17 55 72
17 56 94
17 57 23
17 58 46
17 59 2
17 60 43
17 61 58
17 62 64
17 63 11
17 64 2
17 65 29
17 66 29
17 67 81
17 68 28
17 69 32
17 70 5
17 71 11
17 72 86
17 73 97
17 74 94
17 75 61
17 76 20
17 77 45
17 78 5
17 79 57
18 19 73
18 20 16
18 21 70
18 22 85
18 23 44
18 24 4
18 25 56
18 26 9
18 27 10
18 28 20
18 29 47
18 30 83
18 31 70
18 32 41
18 33 39
18 34 43
18 35 98
18 36 14
18 37 30
18 38 88
18 39 71
18 40 96
18 41 14
18 42 26
18 43 83
18 44 94
18 45 45
18 46 84
18 47 59
18 48 54
18 49 33
18 50 82
18 51 59
18 52 78
18 53 99
18 54 35
18 55 87
18 56 35
18 57 5
18 58 84
18 59 42
18 60 58
18 61 0
18 62 16
18 63 23
18 64 38
18 65 29
18 66 74
18 67 53
18 68 37
18 69 27
18 70 42
18 71 25
18 72 56
18 73 82
18 74 98
18 75 41
18 76 18
18 77 22
18 78 68
18 79 23
19 20 88
19 21 53
19 22 71
19 23 52
19 24 57
19 25 65
19 26 17
19 27 0
19 28 0
19 29 90
19 30 4
19 31 24
19 32 69
19 33 81
19 34 89
19 35 44
19 36 16
19 37 27
19 38 87
19 39 84
19 40 24
19 41 22
19 42 47
19 43 36
19 44 85
19 45 94
19 46 66
19 47 54
19 48 26
19 49 61
19 50 12
19 51 31
19 52 43
19 53 77
19 54 45
19 55 25
19 56 37
19 57 86
19 58 93
19 59 57
19 60 24
19 61 67
19 62 34
19 63 67
19 64 76
19 65 99
19 66 0
19 67 60
19 68 40
19 69 89
19 70 79
19 71 25
19 72 85
19 73 56
19 74 34
19 75 86
19 76 26
19 77 92
19 78 53
19 79 11
20 21 7
20 22 65
20 23 43
20 24 80
20 25 76
20 26 22
20 27 66
20 28 95
20 29 1
20 30 23
20 31 53
20 32 1
20 33 16
20 34 16
20 35 3
20 36 41
20 37 89
20 38 19
20 39 5
20 40 99
20 41 79
20 42 43
20 43 54
20 44 8
20 45 50
20 46 8
20 47 85
20 48 52
20 49 79
20 50 46
20 51 77
20 52 33
20 53 10
20 54 0
20 55 65
20 56 72
20 57 18
20 58 5
20 59 79
20 60 17
20 61 79
20 62 51
20 63 63
20 64 10
20 65 96
20 66 63
20 67 5
20 68 55
20 69 15
20 70 19
20 71 30
20 72 1
20 73 14
20 74 0
20 75 84
20 76 73
20 77 47
20 78 70
20 79 69
21 22 17
21 23 17
21 24 54
21 25 56
21 26 72
21 27 16
21 28 14
21 29 75
21 30 60
21 31 49
21 32 18
21 33 79
21 34 28
21 35 65
21 36 97
21 37 78
21 38 4
21 39 17
21 40 59
21 41 47
21 42 48
21 43 60
21 44 12
21 45 46
21 46 35
21 47 15
21 48 95
21 49 59
21 50 29
21 51 32
21 52 39
21 53 78
21 54 26
21 55 94
21 56 27
21 57 35
21 58 19
21 59 31
21 60 58
21 61 25
21 62 38
21 63 78
21 64 30
21 65 56
21 66 24
21 67 96
21 68 64
21 69 61
21 70 15
21 71 20
21 72 92
21 73 0
21 74 93
21 75 97
21 76 29
21 77 78
21 78 13
21 79 75
22 23 8
22 24 63
22 25 83
22 26 66
22 27 36
22 28 33
22 29 20
22 30 49
22 31 14
22 32 69
22 33 72
22 34 48
22 35 85
22 36 34
22 37 36
22 38 9
22 39 39
22 40 88
22 41 89
22 42 82
22 43 88
22 44 34
22 45 49
22 46 63
22 47 0
22 48 72
22 49 8
22 50 72
22 51 48
22 52 54
22 53 17
22 54 13
22 55 73
22 56 14
22 57 4
22 58 99
22 59 60
22 60 86
22 61 93
22 62 11
22 63 18
22 64 57
22 65 11
22 66 39
22 67 2
22 68 57
22 69 6
22 70 98
22 71 49
22 72 26
22 73 33
22 74 12
22 75 47
22 76 8
22 77 46
22 78 67
22 79 29
23 24 25
23 25 47
23 26 3
23 27 33
23 28 82
23 29 6
23 30 62
23 31 39
23 32 69
23 33 27
23 34 73
23 35 5
23 36 94
23 37 75
23 38 93
23 39 46
23 40 47
23 41 48
23 42 55
23 43 66
23 44 47
23 45 78
23 46 42
23 47 33
23 48 65
23 49 26
23 50 4
23 51 82
23 52 55
23 53 78
23 54 2
23 55 73
23 56 88
23 57 82
23 58 35
23 59 64
23 60 98
23 61 23
23 62 0
23 63 51
23 64 64
23 65 45
23 66 81
23 67 91
23 68 31
23 69 25
23 70 79
23 71 42
23 72 26
23 73 99
23 74 34
23 75 17
23 76 97
23 77 4
23 78 73
23 79 72
24 25 66
24 26 58
24 27 85
24 28 63
24 29 78
24 30 8
24 31 30
24 32 76
24 33 82
24 34 75
24 35 46
24 36 38
24 37 50
24 38 17
24 39 65
24 40 95
24 41 34
24 42 33
24 43 16
24 44 12
24 45 18
24 46 89
24 47 6
24 48 53
24 49 40
24 50 33
24 51 71
24 52 51
24 53 11
24 54 44
24 55 1
24 56 48
24 57 8
24 58 0
24 59 50
24 60 40
24 61 50
24 62 29
24 63 99
24 64 85
24 65 81
24 66 40
24 67 24
24 68 90
24 69 19
24 70 27
24 71 77
24 72 64
24 73 8
24 74 4
24 75 73
24 76 81
24 77 50
24 78 10
24 79 13
25 26 47
25 27 71
25 28 11
25 29 47
25 30 37
25 31 19
25 32 50
25 33 37
25 34 49
25 35 76
25 36 79
25 37 45
25 38 65
25 39 44
25 40 3
25 41 60
25 42 46
25 43 45
25 44 29
25 45 40
25 46 0
25 47 67
25 48 14
25 49 12
25 50 70
25 51 96
25 52 25
25 53 22
25 54 38
25 55 58
25 56 75
25 57 27
25 58 57
25 59 40
25 60 81
25 61 87
25 62 9
25 63 15
25 64 91
25 65 58
25 66 30
25 67 63
25 68 48
25 69 93
25 70 43
25 71 6
25 72 71
25 73 40
25 74 54
25 75 30
25 76 98
25 77 8
25 78 6
25 79 88
26 27 73
26 28 6
26 29 65
26 30 58
26 31 16
26 32 50
26 33 48
26 34 2
26 35 75
26 36 56
26 37 96
26 38 60
26 39 55
26 40 25
26 41 6
26 42 16
26 43 27
26 44 70
26 45 34
26 46 20
26 47 96
26 48 54
26 49 7
26 50 48
26 51 37
26 52 44
26 53 92
26 54 86
26 55 4
26 56 54
26 57 67
26 58 40
26 59 77
26 60 10
26 61 12
26 62 18
26 63 66
26 64 29
26 65 69
26 66 92
26 67 78
26 68 56
26 69 98
26 70 24
26 71 28
26 72 58
26 73 54
26 74 73
26 75 55
26 76 74
26 77 11
26 78 68
26 79 92
27 28 30
27 29 92
27 30 16
27 31 85
27 32 60
27 33 99
27 34 9
27 35 43
27 36 49
27 37 15
27 38 41
27 39 58
27 40 68
27 41 24
27 42 14
27 43 86
27 44 2
27 45 61
27 46 51
27 47 51
27 48 3
27 49 10
27 50 0
27 51 57
27 52 27
27 53 15
27 54 15
27 55 49
27 56 16
27 57 67
27 58 15
27 59 10
27 60 5
27 61 82
27 62 18
27 63 9
27 64 69
27 65 31
27 66 44
27 67 22
27 68 48
27 69 79
27 70 67
27 71 30
27 72 33
27 73 7
27 74 12
27 75 98
27 76 28
27 77 69
27 78 23
27 79 57
28 29 39
28 30 70
28 31 3
28 32 25
28 33 21
28 34 36
28 35 44
28 36 39
28 37 46
28 38 62
28 39 12
28 40 64
28 41 91
28 42 93
28 43 32
28 44 3
28 45 26
28 46 36
28 47 74
28 48 12
28 49 77
28 50 84
28 51 95
28 52 58
28 53 32
28 54 96
28 55 87
28 56 55
28 57 60
28 58 56
28 59 73
28 60 88
28 61 92
28 62 19
28 63 30
28 64 67
28 65 44
28 66 80
28 67 90
28 68 8
28 69 77
28 70 40
28 71 43
28 72 34
28 73 43
28 74 28
28 75 20
28 76 82
28 77 20
28 78 42
28 79 16
29 30 28
29 31 45
29 32 96
29 33 33
29 34 68
29 35 56
29 36 60
29 37 58
29 38 14
29 39 1
29 40 16
29 41 34
29 42 47
29 43 97
29 44 5
29 45 63
29 46 9
29 47 57
29 48 7
29 49 17
29 50 95
29 51 64
29 52 65
29 53 48
29 54 93
29 55 46
29 56 57
29 57 14
29 58 66
29 59 99
29 60 24
29 61 83
29 62 3
29 63 90
29 64 17
29 65 17
29 66 12
29 67 97
29 68 77
29 69 70
29 70 0
29 71 42
29 72 77
29 73 66
29 74 56
29 75 65
29 76 68
29 77 50
29 78 18
29 79 17
30 31 6
30 32 28
30 33 59
30 34 6
30 35 21
30 36 51
30 37 62
30 38 0
30 39 94
30 40 23
30 41 52
30 42 81
30 43 60
30 44 1
30 45 36
30 46 17
30 47 64
30 48 82
30 49 20
30 50 7
30 51 9
30 52 15
30 53 77
30 54 50
30 55 68
30 56 36
30 57 39
30 58 80
30 59 30
30 60 69
30 61 21
30 62 91
30 63 65
30 64 56
30 65 87
30 66 53
30 67 34
30 68 77
30 69 52
30 70 72
30 71 23
30 72 77
30 73 61
30 74 84
30 75 83
30 76 88
30 77 13
30 78 81
30 79 5
31 32 78
31 33 35
31 34 79
31 35 21
31 36 16
31 37 2
31 38 51
31 39 74
31 40 24
31 41 55
31 42 93
31 43 70
31 44 24
31 45 12
31 46 50
31 47 17
31 48 13
31 49 9
31 50 40
31 51 25
31 52 82
31 53 31
31 54 8
31 55 2
31 56 68
31 57 65
31 58 43
31 59 66
31 60 7
31 61 20
31 62 32
31 63 15
31 64 95
31 65 80
31 66 53
31 67 64
31 68 3
31 69 43
31 70 56
31 71 30
31 72 0
31 73 2
31 74 9
31 75 17
31 76 85
31 77 86
31 78 55
31 79 30
32 33 25
32 34 60
32 35 36
32 36 6
32 37 27
32 38 64
32 39 81
32 40 56
32 41 75
32 42 46
32 43 53
32 44 0
32 45 40
32 46 99
32 47 41
32 48 99
32 49 74
32 50 91
32 51 90
32 52 5
32 53 80
32 54 29
32 55 11
32 56 71
32 57 38
32 58 86
32 59 83
32 60 12
32 61 50
32 62 70
32 63 91
32 64 10
32 65 50
32 66 93
32 67 36
32 68 91
32 69 79
32 70 76
32 71 94
32 72 78
32 73 37
32 74 5
32 75 77
32 76 72
32 77 54
32 78 25
32 79 50
33 34 78
33 35 1
33 36 99
33 37 26
33 38 56
33 39 12
33 40 4
33 41 79
33 42 37
33 43 30
33 44 51
33 45 2
33 46 24
33 47 15
33 48 19
33 49 94
33 50 66
33 51 91
33 52 1
33 53 68
33 54 70
33 55 52
33 56 37
33 57 29
33 58 7
33 59 20
33 60 66
33 61 85
33 62 95
33 63 26
33 64 68
33 65 31
33 66 83
33 67 22
33 68 82
33 69 72
33 70 81
33 71 94
33 72 72
33 73 84
33 74 48
33 75 11
33 76 12
33 77 16
33 78 26
33 79 69
34 35 94
34 36 13
34 37 63
34 38 67
34 39 1
34 40 2
34 41 54
34 42 98
34 43 16
34 44 50
34 45 34
34 46 51
34 47 86
34 48 70
34 49 18
34 50 63
34 51 23
34 52 27
34 53 11
34 54 36
34 55 84
34 56 18
34 57 17
34 58 91
34 59 11
34 60 50
34 61 80
34 62 85
34 63 58
34 64 57
34 65 97
34 66 84
34 67 92
34 68 80
34 69 92
34 70 56
34 71 31
34 72 65
34 73 78
34 74 67
34 75 82
34 76 76
34 77 96
34 78 14
34 79 23
35 36 39
35 37 44
35 38 4
35 39 97
35 40 40
35 41 68
35 42 17
35 43 41
35 44 23
35 45 99
35 46 26
35 47 48
35 48 78
35 49 29
35 50 59
35 51 2
35 52 42
35 53 83
35 54 61
35 55 66
35 56 73
35 57 54
35 58 86
35 59 20
35 60 57
35 61 79
35 62 58
35 63 0
35 64 53
35 65 2
35 66 32
35 67 14
35 68 72
35 69 41
35 70 21
35 71 92
35 72 22
35 73 60
35 74 47
35 75 51
35 76 93
35 77 39
35 78 35
35 79 45
36 37 85
36 38 22
36 39 42
36 40 23
36 41 34
36 42 76
36 43 90
36 44 37
36 45 9
36 46 52
36 47 79
36 48 88
36 49 59
36 50 92
36 51 49
36 52 48
36 53 70
36 54 14
36 55 4
36 56 81
36 57 75
36 58 97
36 59 19
36 60 29
36 61 18
36 62 51
36 63 79
36 64 39
36 65 79
36 66 74
36 67 26
36 68 62
36 69 7
36 70 79
36 71 83
36 72 1
36 73 79
36 74 5
36 75 24
36 76 52
36 77 30
36 78 95
36 79 59
37 38 23
37 39 76
37 40 91
37 41 64
37 42 59
37 43 39
37 44 26
37 45 87
37 46 8
37 47 4
37 48 19
37 49 57
37 50 49
37 51 6
37 52 31
37 53 8
37 54 36
37 55 92
37 56 97
37 57 78
37 58 2
37 59 94
37 60 75
37 61 80
37 62 38
37 63 29
37 64 11
37 65 12
37 66 73
37 67 16
37 68 31
37 69 67
37 70 41
37 71 62
37 72 49
37 73 48
37 74 23
37 75 30
37 76 56
37 77 47
37 78 40
37 79 45
38 39 93
38 40 0
38 41 94
38 42 28
38 43 75
38 44 48
38 45 38
38 46 78
38 47 64
38 48 97
38 49 81
38 50 12
38 51 15
38 52 86
38 53 80
38 54 23
38 55 86
38 56 71
38 57 94
38 58 33
38 59 81
38 60 3
38 61 76
38 62 38
38 63 52
38 64 94
38 65 76
38 66 3
38 67 95
38 68 82
38 69 79
38 70 60
38 71 25
38 72 94
38 73 51
38 74 86
38 75 30
38 76 15
38 77 79
38 78 65
38 79 31
39 40 11
39 41 20
39 42 49
39 43 15
39 44 66
39 45 32
39 46 90
39 47 14
39 48 60
39 49 54
39 50 72
39 51 55
39 52 36
39 53 65
39 54 16
39 55 23
39 56 53
39 57 29
39 58 47
39 59 25
39 60 96
39 61 30
39 62 14
39 63 59
39 64 70
39 65 83
39 66 1
39 67 11
39 68 2
39 69 60
39 70 37
39 71 26
39 72 92
39 73 15
39 74 99
39 75 64
39 76 10
39 77 46
39 78 26
39 79 12
40 41 82
40 42 1
40 43 64
40 44 27
40 45 72
40 46 80
40 47 92
40 48 54
40 49 33
40 50 96
40 51 7
40 52 11
40 53 73
40 54 28
40 55 83
40 56 75
40 57 55
40 58 14
40 59 52
40 60 48
40 61 69
40 62 76
40 63 23
40 64 15
40 65 21
40 66 26
40 67 97
40 68 20
40 69 58
40 70 50
40 71 30
40 72 25
40 73 15
40 74 56
40 75 44
40 76 31
40 77 28
40 78 42
40 79 50
41 42 9
41 43 13
41 44 49
41 45 93
41 46 18
41 47 45
41 48 14
41 49 42
41 50 1
41 51 23
41 52 23
41 53 87
41 54 31
41 55 12
41 56 28
41 57 65
41 58 60
41 59 75
41 60 95
41 61 59
41 62 98
41 63 73
41 64 38
41 65 50
41 66 83
41 67 13
41 68 97
41 69 84
41 70 80
41 71 17
41 72 21
41 73 22
41 74 94
41 75 72
41 76 49
41 77 48
41 78 31
41 79 84
42 43 64
42 44 4
42 45 6
42 46 48
42 47 86
42 48 50
42 49 87
42 50 35
42 51 58
42 52 30
42 53 21
42 54 64
42 55 68
42 56 7
42 57 94
42 58 69
42 59 6
42 60 67
42 61 74
42 62 90
42 63 39
42 64 64
42 65 12
42 66 74
42 67 28
42 68 57
42 69 51
42 70 94
42 71 47
42 72 5
42 73 74
42 74 72
42 75 77
42 76 13
42 77 92
42 78 71
42 79 66
43 44 47
43 45 89
43 46 89
43 47 47
43 48 69
43 49 52
43 50 2
43 51 65
43 52 80
43 53 8
43 54 41
43 55 1
43 56 21
43 57 20
43 58 18
43 59 23
43 60 46
43 61 85
43 62 86
43 63 68
43 64 55
43 65 8
43 66 69
43 67 65
43 68 63
43 69 23
43 70 53
43 71 5
43 72 42
43 73 54
43 74 22
43 75 81
43 76 44
43 77 0
43 78 17
43 79 76
44 45 21
44 46 7
44 47 76
44 48 21
44 49 77
44 50 89
44 51 76
44 52 61
44 53 77
44 54 32
44 55 31
44 56 7
44 57 48
44 58 59
44 59 90
44 60 26
44 61 50
44 62 7
44 63 16
44 64 77
44 65 24
44 66 35
44 67 84
44 68 51
44 69 70
44 70 11
44 71 64
44 72 87
44 73 36
44 74 59
44 75 5
44 76 83
44 77 47
44 78 72
44 79 82
45 46 9
45 47 92
45 48 28
45 49 66
45 50 6
45 51 79
45 52 55
45 53 64
45 54 59
45 55 83
45 56 0
45 57 32
45 58 42
45 59 41
45 60 66
45 61 37
45 62 54
45 63 40
45 64 56
45 65 32
45 66 88
45 67 49
45 68 40
45 69 72
45 70 32
45 71 98
45 72 0
45 73 34
45 74 2
45 75 84
45 76 95
45 77 55
45 78 40
45 79 2
46 47 10
46 48 15
46 49 93
46 50 17
46 51 4
46 52 92
46 53 75
46 54 37
46 55 38
46 56 26
46 57 55
46 58 67
46 59 35
46 60 37
46 61 96
46 62 78
46 63 75
46 64 30
46 65 0
46 66 44
46 67 87
46 68 31
46 69 58
46 70 51
46 71 99
46 72 68
46 73 56
46 74 28
46 75 84
46 76 30
46 77 94
46 78 26
46 79 36
47 48 7
47 49 58
47 50 21
47 51 7
47 52 10
47 53 55
47 54 70
47 55 61
47 56 57
47 57 96
47 58 53
47 59 71
47 60 97
47 61 10
47 62 5
47 63 61
47 64 90
47 65 7
47 66 4
47 67 54
47 68 91
47 69 50
47 70 30
47 71 97
47 72 51
47 73 72
47 74 79
47 75 54
47 76 97
47 77 48
47 78 51
47 79 11
48 49 3
48 50 87
48 51 28
48 52 94
48 53 57
48 54 80
48 55 55
48 56 82
48 57 61
48 58 70
48 59 24
48 60 96
48 61 75
48 62 52
48 63 49
48 64 79
48 65 85
48 66 53
48 67 79
48 68 36
48 69 87
48 70 12
48 71 4
48 72 4
48 73 8
48 74 72
48 75 82
48 76 38
48 77 20
48 78 16
48 79 74
49 50 39
49 51 32
49 52 93
49 53 32
49 54 55
49 55 23
49 56 16
49 57 41
49 58 41
49 59 33
49 60 32
49 61 77
49 62 81
49 63 95
49 64 22
49 65 6
49 66 32
49 67 35
49 68 55
49 69 25
49 70 64
49 71 28
49 72 42
49 73 82
49 74 73
49 75 21
49 76 95
49 77 28
49 78 55
49 79 90
50 51 43
50 52 11
50 53 18
50 54 54
50 55 74
50 56 83
50 57 22
50 58 25
50 59 92
50 60 71
50 61 12
50 62 78
50 63 71
50 64 94
50 65 4
50 66 89
50 67 85
50 68 41
50 69 69
50 70 14
50 71 83
50 72 50
50 73 62
50 74 66
50 75 65
50 76 62
50 77 35
50 78 0
50 79 9
51 52 28
51 53 25
51 54 51
51 55 4
51 56 0
51 57 52
51 58 86
51 59 45
51 60 1
51 61 57
51 62 11
51 63 72
51 64 14
51 65 4
51 66 3
51 67 94
51 68 66
51 69 45
51 70 87
51 71 44
51 72 31
51 73 36
51 74 25
51 75 46
51 76 8
51 77 89
51 78 6
51 79 26
52 53 63
52 54 57
52 55 73
52 56 16
52 57 47
52 58 67
52 59 72
52 60 48
52 61 58
52 62 26
52 63 56
52 64 8
52 65 77
52 66 48
52 67 99
52 68 34
52 69 50
52 70 54
52 71 26
52 72 70
52 73 41
52 74 81
52 75 7
52 76 32
52 77 55
52 78 48
52 79 3
53 54 39
53 55 52
53 56 23
53 57 41
53 58 54
53 59 78
53 60 58
53 61 53
53 62 8
53 63 1
53 64 55
53 65 88
53 66 79
53 67 99
53 68 8
53 69 53
53 70 92
53 71 24
53 72 47
53 73 23
53 74 88
53 75 22
53 76 8
53 77 59
53 78 46
53 79 63
54 55 96
54 56 45
54 57 22
54 58 14
54 59 66
54 60 36
54 61 93
54 62 79
54 63 76
54 64 64
54 65 4
54 66 33
54 67 6
54 68 65
54 69 42
54 70 40
54 71 88
54 72 49
54 73 47
54 74 5
54 75 69
54 76 68
54 77 73
54 78 85
54 79 83
55 56 66
55 57 42
55 58 57
55 59 97
55 60 11
55 61 7
55 62 86
55 63 45
55 64 79
55 65 2
55 66 91
55 67 78
55 68 65
55 69 90
55 70 51
55 71 84
55 72 23
55 73 63
55 74 96
55 75 76
55 76 26
55 77 6
55 78 35
55 79 48
56 57 35
56 58 69
56 59 59
56 60 98
56 61 94
56 62 44
56 63 11
56 64 21
56 65 72
56 66 68
56 67 10
56 68 32
56 69 30
56 70 97
56 71 48
56 72 7
56 73 78
56 74 73
56 75 19
56 76 25
56 77 18
56 78 36
56 79 22
57 58 19
57 59 71
57 60 12
57 61 60
57 62 33
57 63 37
57 64 48
57 65 40
57 66 77
57 67 59
57 68 33
57 69 95
57 70 28
57 71 43
57 72 31
57 73 58
57 74 50
57 75 91
57 76 62
57 77 22
57 78 67
57 79 50
58 59 52
58 60 90
58 61 89
58 62 88
58 63 59
58 64 11
58 65 20
58 66 80
58 67 61
58 68 90
58 69 99
58 70 49
58 71 18
58 72 31
58 73 68
58 74 76
58 75 72
58 76 63
58 77 39
58 78 32
58 79 36
59 60 47
59 61 61
59 62 33
59 63 70
59 64 39
59 65 5
59 66 43
59 67 11
59 68 61
59 69 81
59 70 64
59 71 28
59 72 7
59 73 11
59 74 70
59 75 86
59 76 79
59 77 95
59 78 49
59 79 86
60 61 51
60 62 45
60 63 75
60 64 0
60 65 30
60 66 15
60 67 50
60 68 32
60 69 83
60 70 60
60 71 19
60 72 56
60 73 58
60 74 53
60 75 49
60 76 87
60 77 29
60 78 23
60 79 64
61 62 18
61 63 48
61 64 7
61 65 11
61 66 31
61 67 92
61 68 89
61 69 87
61 70 7
61 71 0
61 72 55
61 73 85
61 74 50
61 75 58
61 76 21
61 77 70
61 78 53
61 79 31
62 63 59
62 64 95
62 65 39
62 66 44
62 67 13
62 68 62
62 69 77
62 70 51
62 71 23
62 72 16
62 73 97
62 74 66
62 75 42
62 76 80
62 77 82
62 78 59
62 79 56
63 64 67
63 65 82
63 66 52
63 67 86
63 68 77
63 69 38
63 70 28
63 71 83
63 72 21
63 73 60
63 74 87
63 75 2
63 76 35
63 77 43
63 78 95
63 79 4
64 65 69
64 66 32
64 67 46
64 68 86
64 69 62
64 70 57
64 71 74
64 72 41
64 73 90
64 74 71
64 75 84
64 76 77
64 77 61
64 78 15
64 79 87
65 66 90
65 67 20
65 68 18
65 69 44
65 70 83
65 71 19
65 72 30
65 73 49
65 74 91
65 75 16
65 76 0
65 77 95
65 78 30
65 79 74
66 67 25
66 68 79
66 69 94
66 70 21
66 71 22
66 72 80
66 73 73
66 74 77
66 75 48
66 76 0
66 77 81
66 78 80
66 79 18
67 68 25
67 69 81
67 70 76
67 71 85
67 72 26
67 73 67
67 74 41
67 75 76
67 76 64
67 77 99
67 78 31
67 79 19
68 69 26
68 70 22
68 71 43
68 72 83
68 73 16
68 74 57
68 75 94
68 76 3
68 77 69
68 78 70
68 79 83
69 70 68
69 71 71
69 72 61
69 73 46
69 74 94
69 75 86
69 76 46
69 77 7
69 78 48
69 79 13
70 71 1
70 72 37
70 73 41
70 74 3
70 75 88
70 76 73
70 77 9
70 78 93
70 79 78
71 72 2
71 73 55
71 74 33
71 75 38
71 76 14
71 77 70
71 78 31
71 79 67
72 73 48
72 74 51
72 75 52
72 76 68
72 77 44
72 78 25
72 79 91
73 74 68
73 75 4
73 76 12
73 77 54
73 78 41
73 79 98
74 75 84
74 76 30
74 77 50
74 78 63
74 79 52
75 76 64
75 77 61
75 78 70
75 79 19
76 77 64
76 78 48
76 79 69
77 78 18
77 79 58
78 79 5
