0 1 23
0 2 17
0 3 79
0 4 42
0 5 82
0 6 40
0 7 16
0 8 91
0 9 1
0 10 10
0 11 4
0 12 60
0 13 66
0 14 3
0 15 7
0 16 7
0 17 19
0 18 74
0 19 42
0 20 17
0 21 4
0 22 29
0 23 89
0 24 80
0 25 19
0 26 66
0 27 13
0 28 56
0 29 89
0 30 62
0 31 30
0 32 13
0 33 93
0 34 85
0 35 97
0 36 8
0 37 7
0 38 77
0 39 93
0 40 90
0 41 48
0 42 9
0 43 0
0 44 88
0 45 47
0 46 65
0 47 21
0 48 13
0 49 19
0 50 15
0 51 88
0 52 89
0 53 13
0 54 75
1 2 23
1 3 57
1 4 63
1 5 46
1 6 85
1 7 91
1 8 0
1 9 68
1 10 4
1 11 7
1 12 32
1 13 83
1 14 25
1 15 42
1 16 28
1 17 20
1 18 53
1 19 20
1 20 81
1 21 55
1 22 41
1 23 56
1 24 47
1 25 19
1 26 44
1 27 52
1 28 68
1 29 91
1 30 7
1 31 70
1 32 37
1 33 92
1 34 24
1 35 10
1 36 37
1 37 17
1 38 39
1 39 26
1 40 67
1 41 53
1 42 49
1 43 98
1 44 99
1 45 99
1 46 69
1 47 32
1 48 68
1 49 66
1 50 94
1 51 42
1 52 80
1 53 51
1 54 47
2 3 64
2 4 63
2 5 38
2 6 72
2 7 48
2 8 12
2 9 16
2 10 98
2 11 64
2 12 2
2 13 63
2 14 92
2 15 65
2 16 24
2 17 11
2 18 75
2 19 60
2 20 58
2 21 70
2 22 18
2 23 33
2 24 6
2 25 19
2 26 51
2 27 35
2 28 21
2 29 16
2 30 3
2 31 73
2 32 32
2 33 62
2 34 25
2 35 22
2 36 39
2 37 44
2 38 19
2 39 73
2 40 75
2 41 96
2 42 80
2 43 6
2 44 1
2 45 81
2 46 14
2 47 16
2 48 67
2 49 78
2 50 56
2 51 40
2 52 60
2 53 9
2 54 69
3 4 74
3 5 27
3 6 98
3 7 98
3 8 24
3 9 46
3 10 34
3 11 59
3 12 13
3 13 12
3 14 18
3 15 88
3 16 26
3 17 74
3 18 75
3 19 69
3 20 98
3 21 91
3 22 69
3 23 55
3 24 61
3 25 57
3 26 27
3 27 17
3 28 80
3 29 71
3 30 54
3 31 87
3 32 95
3 33 8
3 34 47
3 35 81
3 36 37
3 37 76
3 38 10
3 39 96
3 40 99
3 41 27
3 42 11
3 43 90
3 44 26
3 45 53
3 46 29
3 47 2
3 48 64
3 49 17
3 50 18
3 51 47
3 52 8
3 53 32
3 54 46
4 5 19
4 6 37
4 7 51
4 8 64
4 9 26
4 10 90
4 11 74
4 12 49
4 13 81
4 14 94
4 15 90
4 16 6
4 17 18
4 18 58
4 19 77
4 20 17
4 21 47
4 22 15
4 23 16
4 24 21
4 25 95
4 26 75
4 27 38
4 28 21
4 29 26
4 30 30
4 31 1
4 32 93
4 33 15
4 34 76
4 35 35
4 36 56
4 37 17
4 38 98
4 39 71
4 40 87
4 41 93
4 42 45
4 43 36
4 44 28
4 45 65
4 46 60
4 47 13
4 48 10
4 49 98
4 50 80
4 51 91
4 52 0
4 53 0
4 54 20
5 6 18
5 7 95
5 8 67
5 9 76
5 10 62
5 11 54
5 12 6
5 13 79
5 14 63
5 15 30
5 16 62
5 17 20
5 18 4
5 19 4
5 20 44
5 21 3
5 22 87
5 23 30
5 24 25
5 25 84
5 26 92
5 27 75
5 28 68
5 29 40
5 30 27
5 31 86
5 32 37
5 33 53
5 34 37
5 35 95
5 36 27
5 37 85
5 38 42
5 39 77
5 40 85
5 41 18
5 42 20
5 43 21
5 44 57
5 45 2
5 46 42
5 47 59
5 48 74
5 49 2
5 50 13
5 51 63
5 52 50
5 53 49
5 54 31
6 7 9
6 8 23
6 9 81
6 10 25
6 11 67
6 12 95
6 13 15
6 14 76
6 15 97
6 16 35
6 17 82
6 18 94
6 19 42
6 20 2
6 21 83
6 22 21
6 23 34
6 24 14
6 25 67
6 26 61
6 27 28
6 28 29
6 29 94
6 30 62
6 31 17
6 32 79
6 33 35
6 34 91
6 35 94
6 36 23
6 37 48
6 38 92
6 39 13
6 40 35
6 41 87
6 42 29
6 43 80
6 44 99
6 45 2
6 46 49
6 47 56
6 48 40
6 49 58
6 50 25
6 51 46
6 52 10
6 53 85
6 54 91
7 8 58
7 9 7
7 10 41
7 11 39
7 12 36
7 13 52
7 14 48
7 15 84
7 16 24
7 17 38
7 18 56
7 19 29
7 20 15
7 21 55
7 22 5
7 23 77
7 24 78
7 25 34
7 26 8
7 27 95
7 28 51
7 29 48
7 30 37
7 31 96
7 32 39
7 33 71
7 34 95
7 35 41
7 36 84
7 37 15
7 38 87
7 39 65
7 40 32
7 41 7
7 42 62
7 43 61
7 44 26
7 45 28
7 46 63
7 47 93
7 48 96
7 49 17
7 50 35
7 51 80
7 52 45
7 53 9
7 54 67
8 9 62
8 10 64
8 11 46
8 12 79
8 13 99
8 14 61
8 15 86
8 16 18
8 17 44
8 18 16
8 19 98
8 20 51
8 21 67
8 22 4
8 23 72
8 24 99
8 25 68
8 26 70
8 27 94
8 28 83
8 29 65
8 30 70
8 31 95
8 32 70
8 33 43
8 34 20
8 35 23
8 36 59
8 37 38
8 38 32
8 39 11
8 40 56
8 41 27
8 42 28
8 43 80
8 44 13
8 45 30
8 46 96
8 47 83
8 48 7
8 49 57
8 50 50
8 51 55
8 52 17
8 53 83
8 54 95
9 10 26
9 11 83
9 12 41
9 13 69
9 14 44
9 15 97
9 16 33
9 17 80
9 18 35
9 19 69
9 20 10
9 21 42
9 22 50
9 23 62
9 24 43
9 25 54
9 26 90
9 27 61
9 28 27
9 29 84
9 30 25
9 31 63
9 32 0
9 33 44
9 34 54
9 35 87
9 36 99
9 37 15
9 38 62
9 39 27
9 40 5
9 41 35
9 42 54
9 43 52
9 44 62
9 45 30
9 46 4
9 47 20
9 48 46
9 49 49
9 50 43
9 51 61
9 52 3
9 53 59
9 54 62
10 11 69
10 12 94
10 13 38
10 14 45
10 15 91
10 16 18
10 17 16
10 18 41
10 19 78
10 20 66
10 21 49
10 22 84
10 23 25
10 24 36
10 25 80
10 26 2
10 27 52
10 28 73
10 29 40
10 30 38
10 31 84
10 32 69
10 33 58
10 34 47
10 35 62
10 36 83
10 37 0
10 38 61
10 39 28
10 40 8
10 41 16
10 42 71
10 43 92
10 44 68
10 45 22
10 46 22
10 47 56
10 48 79
10 49 51
10 50 80
10 51 68
10 52 27
10 53 69
10 54 3
11 12 67
11 13 47
11 14 18
11 15 14
11 16 42
11 17 46
11 18 7
11 19 26
11 20 12
11 21 64
11 22 77
11 23 37
11 24 51
11 25 26
11 26 47
11 27 70
11 28 32
11 29 38
11 30 23
11 31 15
11 32 52
11 33 9
11 34 46
11 35 27
11 36 48
11 37 74
11 38 15
11 39 20
11 40 36
11 41 29
11 42 96
11 43 13
11 44 90
11 45 96
11 46 16
11 47 99
11 48 67
11 49 42
11 50 33
11 51 60
11 52 15
11 53 45
11 54 85
12 13 32
12 14 63
12 15 40
12 16 51
12 17 68
12 18 13
12 19 3
12 20 40
12 21 97
12 22 23
12 23 22
12 24 41
12 25 96
12 26 2
12 27 65
12 28 62
12 29 78
12 30 36
12 31 4
12 32 6
12 33 37
12 34 92
12 35 29
12 36 99
12 37 88
12 38 25
12 39 78
12 40 51
12 41 61
12 42 88
12 43 6
12 44 28
12 45 88
12 46 69
12 47 0
12 48 31
12 49 83
12 50 39
12 51 20
12 52 64
12 53 58
12 54 58
13 14 68
13 15 89
13 16 48
13 17 28
13 18 0
13 19 90
13 20 71
13 21 46
13 22 29
13 23 42
13 24 67
13 25 61
13 26 24
13 27 47
13 28 74
13 29 71
13 30 9
13 31 39
13 32 89
13 33 60
13 34 69
13 35 44
13 36 26
13 37 34
13 38 77
13 39 66
13 40 48
13 41 65
13 42 3
13 43 87
13 44 26
13 45 13
13 46 57
13 47 9
13 48 14
13 49 85
13 50 22
13 51 17
13 52 6
13 53 35
13 54 91
14 15 7
14 16 97
14 17 76
14 18 75
14 19 67
14 20 67
14 21 24
14 22 69
14 23 91
14 24 48
14 25 99
14 26 12
14 27 28
14 28 33
14 29 19
14 30 10
14 31 9
14 32 99
14 33 26
14 34 28
14 35 12
14 36 9
14 37 99
14 38 19
14 39 14
14 40 59
14 41 1
14 42 13
14 43 95
14 44 81
14 45 40
14 46 9
14 47 82
14 48 55
14 49 70
14 50 45
14 51 46
14 52 81
14 53 52
14 54 1
15 16 38
15 17 48
15 18 15
15 19 49
15 20 23
15 21 23
15 22 28
15 23 18
15 24 54
15 25 7
15 26 8
15 27 83
15 28 83
15 29 66
15 30 62
15 31 39
15 32 19
15 33 47
15 34 32
15 35 13
15 36 97
15 37 90
15 38 98
15 39 58
15 40 65
15 41 96
15 42 42
15 43 6
15 44 3
15 45 35
15 46 87
15 47 14
15 48 55
15 49 57
15 50 68
15 51 17
15 52 4
15 53 38
15 54 44
16 17 90
16 18 85
16 19 61
16 20 43
16 21 70
16 22 41
16 23 91
16 24 76
16 25 16
16 26 12
16 27 32
16 28 65
16 29 5
16 30 76
16 31 31
16 32 34
16 33 34
16 34 47
16 35 5
16 36 66
16 37 93
16 38 14
16 39 88
16 40 67
16 41 53
16 42 77
16 43 68
16 44 51
16 45 10
16 46 46
16 47 79
16 48 98
16 49 57
16 50 17
16 51 45
16 52 25
16 53 58
16 54 40
17 18 17
17 19 40
17 20 53
17 21 30
17 22 88
17 23 79
17 24 15
17 25 28
17 26 70
17 27 86
17 28 81
17 29 80
17 30 95
17 31 68
17 32 86
17 33 44
17 34 96
17 35 52
17 36 9
17 37 72
17 38 47
17 39 48
17 40 46
17 41 26
17 42 96
17 43 50
17 44 25
17 45 42
17 46 10
17 47 37
17 48 85
17 49 18
17 50 74
17 51 23
17 52 97
17 53 18
17 54 79
18 19 18
18 20 8
18 21 14
18 22 4
18 23 49
18 24 81
18 25 65
18 26 46
18 27 44
18 28 10
18 29 45
18 30 61
18 31 21
18 32 47
18 33 93
18 34 15
18 35 89
18 36 80
18 37 86
18 38 54
18 39 56
18 40 96
18 41 60
18 42 25
18 43 21
18 44 86
18 45 77
18 46 81
18 47 7
18 48 42
18 49 52
18 50 15
18 51 28
18 52 5
18 53 0
18 54 74
19 20 47
19 21 2
19 22 22
19 23 53
19 24 79
19 25 9
19 26 81
19 27 35
19 28 26
19 29 73
19 30 38
19 31 42
19 32 9
19 33 15
19 34 56
19 35 88
19 36 82
19 37 4
19 38 40
19 39 98
19 40 30
19 41 94
19 42 40
19 43 5
19 44 46
19 45 82
19 46 84
19 47 50
19 48 50
19 49 64
19 50 14
19 51 55
19 52 79
19 53 14
19 54 7
20 21 23
20 22 87
20 23 30
20 24 38
20 25 24
20 26 14
20 27 94
20 28 95
20 29 55
20 30 24
20 31 23
20 32 18
20 33 73
20 34 70
20 35 60
20 36 28
20 37 93
20 38 49
20 39 51
20 40 52
20 41 82
20 42 56
20 43 50
20 44 22
20 45 16
20 46 8
20 47 81
20 48 0
20 49 62
20 50 98
20 51 6
20 52 4
20 53 2
20 54 2
21 22 17
21 23 4
21 24 96
21 25 80
21 26 50
21 27 72
21 28 18
21 29 77
21 30 59
21 31 28
21 32 45
21 33 15
21 34 82
21 35 46
21 36 73
21 37 65
21 38 97
21 39 78
21 40 15
21 41 72
21 42 79
21 43 90
21 44 2
21 45 41
21 46 91
21 47 58
21 48 20
21 49 71
21 50 18
21 51 4
21 52 37
21 53 33
21 54 15
22 23 68
22 24 1
22 25 65
22 26 11
22 27 27
22 28 67
22 29 85
22 30 24
22 31 4
22 32 57
22 33 82
22 34 1
22 35 46
22 36 5
22 37 59
22 38 54
22 39 84
22 40 40
22 41 60
22 42 49
22 43 13
22 44 8
22 45 75
22 46 47
22 47 5
22 48 62
22 49 22
22 50 27
22 51 70
22 52 13
22 53 81
22 54 32
23 24 88
23 25 13
23 26 70
23 27 20
23 28 46
23 29 79
23 30 42
23 31 12
23 32 87
23 33 70
23 34 45
23 35 20
23 36 56
23 37 81
23 38 14
23 39 57
23 40 91
23 41 45
23 42 89
23 43 76
23 44 19
23 45 29
23 46 90
23 47 90
23 48 4
23 49 14
23 50 60
23 51 18
23 52 43
23 53 96
23 54 31
24 25 27
24 26 55
24 27 41
24 28 45
24 29 39
24 30 90
24 31 2
24 32 15
24 33 77
24 34 35
24 35 50
24 36 50
24 37 47
24 38 90
24 39 30
24 40 74
24 41 5
24 42 99
24 43 59
24 44 1
24 45 71
24 46 23
24 47 51
24 48 51
24 49 27
24 50 33
24 51 58
24 52 40
24 53 19
24 54 79
25 26 79
25 27 71
25 28 41
25 29 13
25 30 73
25 31 66
25 32 8
25 33 75
25 34 36
25 35 11
25 36 96
25 37 62
25 38 45
25 39 75
25 40 27
25 41 81
25 42 51
25 43 49
25 44 22
25 45 84
25 46 2
25 47 51
25 48 83
25 49 59
25 50 3
25 51 67
25 52 94
25 53 30
25 54 6
26 27 18
26 28 94
26 29 13
26 30 72
26 31 98
26 32 34
26 33 40
26 34 27
26 35 49
26 36 98
26 37 27
26 38 34
26 39 11
26 40 20
26 41 1
26 42 16
26 43 41
26 44 38
26 45 5
26 46 1
26 47 30
26 48 15
26 49 87
26 50 12
26 51 27
26 52 88
26 53 29
26 54 16
27 28 46
27 29 63
27 30 56
27 31 75
27 32 28
27 33 80
27 34 79
27 35 13
27 36 96
27 37 63
27 38 37
27 39 14
27 40 33
27 41 4
27 42 33
27 43 51
27 44 55
27 45 1
27 46 25
27 47 52
27 48 82
27 49 98
27 50 27
27 51 54
27 52 39
27 53 87
27 54 89
28 29 55
28 30 28
28 31 75
28 32 83
28 33 80
28 34 21
28 35 69
28 36 74
28 37 35
28 38 30
28 39 74
28 40 27
28 41 6
28 42 65
28 43 27
28 44 83
28 45 37
28 46 56
28 47 43
28 48 54
28 49 11
28 50 60
28 51 38
28 52 70
28 53 44
28 54 79
29 30 53
29 31 36
29 32 42
29 33 11
29 34 16
29 35 3
29 36 42
29 37 16
29 38 5
29 39 12
29 40 44
29 41 26
29 42 27
29 43 17
29 44 89
29 45 1
29 46 78
29 47 63
29 48 73
29 49 21
29 50 30
29 51 16
29 52 88
29 53 51
29 54 15
30 31 22
30 32 63
30 33 6
30 34 48
30 35 3
30 36 93
30 37 62
30 38 20
30 39 61
30 40 39
30 41 37
30 42 50
30 43 26
30 44 98
30 45 37
30 46 48
30 47 24
30 48 73
30 49 78
30 50 83
30 51 74
30 52 78
30 53 39
30 54 33
31 32 20
31 33 77
31 34 38
31 35 49
31 36 51
31 37 87
31 38 50
31 39 71
31 40 84
31 41 18
31 42 30
31 43 9
31 44 62
31 45 40
31 46 12
31 47 73
31 48 73
31 49 44
31 50 47
31 51 79
31 52 23
31 53 90
31 54 51
32 33 18
32 34 53
32 35 88
32 36 37
32 37 56
32 38 54
32 39 53
32 40 27
32 41 57
32 42 62
32 43 7
32 44 4
32 45 21
32 46 72
32 47 90
32 48 52
32 49 39
32 50 27
32 51 20
32 52 82
32 53 69
32 54 98
33 34 48
33 35 18
33 36 82
33 37 52
33 38 18
33 39 61
33 40 69
33 41 94
33 42 46
33 43 39
33 44 88
33 45 88
33 46 50
33 47 12
33 48 12
33 49 30
33 50 73
33 51 83
33 52 43
33 53 49
33 54 79
34 35 47
34 36 38
34 37 52
34 38 79
34 39 45
34 40 59
34 41 49
34 42 56
34 43 36
34 44 61
34 45 27
34 46 16
34 47 7
34 48 51
34 49 32
34 50 86
34 51 44
34 52 28
34 53 85
34 54 32
35 36 41
35 37 25
35 38 94
35 39 86
35 40 75
35 41 25
35 42 72
35 43 67
35 44 67
35 45 14
35 46 44
35 47 46
35 48 22
35 49 24
35 50 19
35 51 54
35 52 12
35 53 98
35 54 78
36 37 85
36 38 74
36 39 80
36 40 41
36 41 57
36 42 42
36 43 52
36 44 23
36 45 80
36 46 95
36 47 57
36 48 53
36 49 9
36 50 3
36 51 48
36 52 50
36 53 50
36 54 12
37 38 83
37 39 11
37 40 8
37 41 14
37 42 43
37 43 21
37 44 1
37 45 39
37 46 98
37 47 44
37 48 0
37 49 7
37 50 55
37 51 28
37 52 44
37 53 0
37 54 43
38 39 99
38 40 61
38 41 63
38 42 20
38 43 68
38 44 46
38 45 46
38 46 0
38 47 72
38 48 44
38 49 4
38 50 47
38 51 49
38 52 21
38 53 27
38 54 51
39 40 79
39 41 2
39 42 98
39 43 21
39 44 1
39 45 94
39 46 3
39 47 23
39 48 71
39 49 39
39 50 97
39 51 84
39 52 42
39 53 32
39 54 83
40 41 63
40 42 82
40 43 2
40 44 36
40 45 89
40 46 37
40 47 3
40 48 20
40 49 82
40 50 93
40 51 6
40 52 6
40 53 36
40 54 25
41 42 84
41 43 72
41 44 14
41 45 19
41 46 57
41 47 1
41 48 70
41 49 97
41 50 70
41 51 3
41 52 17
41 53 65
41 54 15
42 43 78
42 44 85
42 45 16
42 46 13
42 47 14
42 48 35
42 49 19
42 50 25
42 51 71
42 52 0
42 53 83
42 54 8
43 44 53
43 45 6
43 46 54
43 47 1
43 48 65
43 49 76
43 50 81
43 51 56
43 52 70
43 53 88
43 54 66
44 45 2
44 46 13
44 47 41
44 48 27
44 49 10
44 50 83
44 51 3
44 52 94
44 53 83
44 54 87
45 46 19
45 47 68
45 48 63
45 49 44
45 50 23
45 51 46
45 52 78
45 53 69
45 54 16
46 47 36
46 48 62
46 49 2
46 50 49
46 51 73
46 52 35
46 53 41
46 54 8
47 48 27
47 49 36
47 50 71
47 51 36
47 52 93
47 53 57
47 54 64
48 49 38
48 50 26
48 51 50
48 52 54
48 53 46
48 54 71
49 50 88
49 51 67
49 52 79
49 53 75
49 54 89
50 51 14
50 52 33
50 53 33
50 54 40
51 52 17
51 53 84
51 54 8
52 53 7
52 54 29
53 54 23
