0 1 17
0 2 1
0 3 78
0 4 45
0 5 71
0 6 74
0 7 43
0 8 3
0 9 66
0 10 75
0 11 73
0 12 74
0 13 27
0 14 67
0 15 11
0 16 88
0 17 87
0 18 8
0 19 11
0 20 76
0 21 12
0 22 34
0 23 58
0 24 80
1 2 89
1 3 10
1 4 41
1 5 45
1 6 17
1 7 34
1 8 58
1 9 94
1 10 86
1 11 54
1 12 14
1 13 95
1 14 4
1 15 29
1 16 14
1 17 3
1 18 84
1 19 1
1 20 32
1 21 9
1 22 16
1 23 26
1 24 67
2 3 92
2 4 97
2 5 78
2 6 72
2 7 95
2 8 20
2 9 69
2 10 80
2 11 97
2 12 60
2 13 0
2 14 15
2 15 15
2 16 17
2 17 98
2 18 74
2 19 53
2 20 71
2 21 71
2 22 58
2 23 6
2 24 11
3 4 99
3 5 74
3 6 22
3 7 57
3 8 86
3 9 41
3 10 85
3 11 35
3 12 50
3 13 85
3 14 25
3 15 8
3 16 76
3 17 96
3 18 20
3 19 84
3 20 7
3 21 29
3 22 43
3 23 79
3 24 78
4 5 25
4 6 81
4 7 9
4 8 54
4 9 24
4 10 39
4 11 1
4 12 23
4 13 66
4 14 63
4 15 11
4 16 8
4 17 47
4 18 99
4 19 88
4 20 64
4 21 42
4 22 66
4 23 27
4 24 13
5 6 65
5 7 94
5 8 89
5 9 46
5 10 23
5 11 33
5 12 0
5 13 19
5 14 20
5 15 2
5 16 1
5 17 46
5 18 17
5 19 68
5 20 80
5 21 19
5 22 58
5 23 20
5 24 18
6 7 66
6 8 41
6 9 61
6 10 66
6 11 89
6 12 3
6 13 6
6 14 12
6 15 89
6 16 2
6 17 30
6 18 9
6 19 97
6 20 91
6 21 36
6 22 82
6 23 31
6 24 37
7 8 16
7 9 99
7 10 21
7 11 36
7 12 40
7 13 84
7 14 22
7 15 85
7 16 97
7 17 19
7 18 6
7 19 24
7 20 20
7 21 95
7 22 95
7 23 6
7 24 91
8 9 49
8 10 79
8 11 82
8 12 10
8 13 94
8 14 32
8 15 25
8 16 80
8 17 34
8 18 1
8 19 54
8 20 66
8 21 50
8 22 4
8 23 48
8 24 11
9 10 98
9 11 51
9 12 12
9 13 8
9 14 95
9 15 24
9 16 30
9 17 78
9 18 38
9 19 45
9 20 82
9 21 46
9 22 70
9 23 83
9 24 93
10 11 76
10 12 31
10 13 66
10 14 58
10 15 56
10 16 90
10 17 47
10 18 57
10 19 8
10 20 77
10 21 62
10 22 69
10 23 36
10 24 45
11 12 52
11 13 40
11 14 48
11 15 55
11 16 2
11 17 80
11 18 27
11 19 32
11 20 84
11 21 10
11 22 84
11 23 72
11 24 41
12 13 74
12 14 84
12 15 88
12 16 1
12 17 40
12 18 17
12 19 26
12 20 38
12 21 84
12 22 30
12 23 77
12 24 81
13 14 35
13 15 67
13 16 85
13 17 29
13 18 74
13 19 60
13 20 27
13 21 68
13 22 21
13 23 90
13 24 25
14 15 42
14 16 53
14 17 29
14 18 2
14 19 91
14 20 2
14 21 25
14 22 46
14 23 2
14 24 77
15 16 77
15 17 56
15 18 99
15 19 48
15 20 62
15 21 76
15 22 74
15 23 83
15 24 64
16 17 49
16 18 39
16 19 91
16 20 64
16 21 43
16 22 12
16 23 1
16 24 98
17 18 35
17 19 98
17 20 82
17 21 84
17 22 22
17 23 3
17 24 87
18 19 85
18 20 82
18 21 89
18 22 24
18 23 94
18 24 77
19 20 26
19 21 13
19 22 69
19 23 83
19 24 95
20 21 36
20 22 94
20 23 74
20 24 22
21 22 73
21 23 52
21 24 11
22 23 24
22 24 30
23 24 72
