0 1 78
0 2 64
0 3 99
0 4 41
0 5 76
0 6 85
0 7 36
0 8 78
0 9 22
0 10 30
0 11 18
0 12 38
0 13 92
0 14 90
0 15 74
0 16 98
0 17 6
0 18 12
0 19 33
0 20 12
0 21 84
0 22 65
0 23 44
0 24 25
0 25 11
0 26 26
0 27 40
0 28 78
0 29 95
0 30 71
0 31 27
0 32 71
0 33 78
0 34 3
0 35 8
0 36 15
0 37 72
0 38 75
0 39 51
0 40 80
0 41 92
0 42 73
0 43 50
0 44 63
0 45 12
0 46 31
0 47 84
0 48 36
0 49 53
0 50 26
0 51 13
0 52 62
0 53 87
0 54 56
0 55 72
0 56 23
0 57 28
0 58 33
0 59 62
0 60 74
0 61 26
0 62 47
0 63 49
0 64 79
0 65 82
0 66 66
0 67 62
0 68 3
0 69 78
0 70 26
0 71 81
0 72 75
0 73 2
0 74 0
0 75 33
0 76 33
0 77 3
0 78 14
0 79 34
0 80 1
0 81 65
0 82 59
0 83 19
0 84 97
0 85 40
0 86 25
0 87 96
0 88 70
0 89 89
0 90 70
0 91 99
0 92 1
0 93 24
0 94 0
0 95 96
0 96 56
0 97 1
0 98 73
0 99 94
0 100 45
0 101 28
0 102 52
0 103 70
0 104 46
1 2 83
1 3 84
1 4 7
1 5 55
1 6 99
1 7 37
1 8 35
1 9 99
1 10 65
1 11 50
1 12 95
1 13 64
1 14 96
1 15 62
1 16 19
1 17 7
1 18 31
1 19 39
1 20 54
1 21 51
1 22 22
1 23 29
1 24 84
1 25 70
1 26 61
1 27 92
1 28 91
1 29 89
1 30 71
1 31 26
1 32 43
1 33 48
1 34 71
1 35 54
1 36 64
1 37 80
1 38 66
1 39 9
1 40 92
1 41 1
1 42 48
1 43 69
1 44 69
1 45 12
1 46 35
1 47 73
1 48 34
1 49 9
1 50 32
1 51 67
1 52 95
1 53 43
1 54 73
1 55 11
1 56 25
1 57 11
1 58 21
1 59 38
1 60 80
1 61 29
1 62 12
1 63 34
1 64 24
1 65 64
1 66 94
1 67 94
1 68 42
1 69 7
1 70 58
1 71 22
1 72 26
1 73 75
1 74 70
1 75 38
1 76 43
1 77 37
1 78 11
1 79 29
1 80 91
1 81 83
1 82 57
1 83 60
1 84 33
1 85 66
1 86 40
1 87 9
1 88 56
1 89 9
1 90 67
1 91 32
1 92 85
1 93 75
1 94 93
1 95 56
1 96 57
1 97 0
1 98 93
1 99 17
1 100 19
1 101 13
1 102 3
1 103 81
1 104 61
2 3 48
2 4 89
2 5 20
2 6 50
2 7 81
2 8 72
2 9 94
2 10 49
2 11 32
2 12 5
2 13 0
2 14 90
2 15 47
2 16 15
2 17 65
2 18 23
2 19 94
2 20 38
2 21 42
2 22 54
2 23 79
2 24 48
2 25 68
2 26 19
2 27 60
2 28 42
2 29 45
2 30 71
2 31 11
2 32 65
2 33 9
2 34 29
2 35 87
2 36 57
2 37 67
2 38 86
2 39 23
2 40 70
2 41 33
2 42 23
2 43 75
2 44 52
2 45 63
2 46 74
2 47 69
2 48 61
2 49 44
2 50 60
2 51 30
2 52 28
2 53 60
2 54 85
2 55 8
2 56 46
2 57 55
2 58 67
2 59 89
2 60 99
2 61 48
2 62 35
2 63 35
2 64 48
2 65 0
2 66 20
2 67 55
2 68 92
2 69 55
2 70 55
2 71 72
2 72 96
2 73 34
2 74 61
2 75 46
2 76 9
2 77 13
2 78 1
2 79 94
2 80 80
2 81 99
2 82 53
2 83 18
2 84 50
2 85 98
2 86 14
2 87 53
2 88 67
2 89 94
2 90 26
2 91 25
2 92 62
2 93 58
2 94 2
2 95 55
2 96 70
2 97 85
2 98 18
2 99 85
2 100 85
2 101 22
2 102 56
2 103 93
2 104 13
3 4 9
3 5 43
3 6 48
3 7 76
3 8 38
3 9 78
3 10 18
3 11 18
3 12 63
3 13 5
3 14 2
3 15 65
3 16 11
3 17 52
3 18 70
3 19 50
3 20 8
3 21 45
3 22 4
3 23 30
3 24 11
3 25 93
3 26 6
3 27 47
3 28 37
3 29 98
3 30 65
3 31 23
3 32 58
3 33 60
3 34 58
3 35 8
3 36 62
3 37 64
3 38 31
3 39 27
3 40 1
3 41 1
3 42 91
3 43 82
3 44 59
3 45 96
3 46 94
3 47 84
3 48 29
3 49 56
3 50 35
3 51 66
3 52 58
3 53 66
3 54 64
3 55 93
3 56 59
3 57 56
3 58 66
3 59 9
3 60 86
3 61 65
3 62 99
3 63 42
3 64 78
3 65 84
3 66 96
3 67 68
3 68 78
3 69 22
3 70 48
3 71 76
3 72 94
3 73 95
3 74 87
3 75 31
3 76 45
3 77 86
3 78 28
3 79 31
3 80 30
3 81 74
3 82 7
3 83 59
3 84 21
3 85 2
3 86 56
3 87 18
3 88 70
3 89 62
3 90 69
3 91 41
3 92 29
3 93 10
3 94 4
3 95 4
3 96 43
3 97 18
3 98 20
3 99 26
3 100 76
3 101 87
3 102 34
3 103 47
3 104 55
4 5 96
4 6 30
4 7 34
4 8 17
4 9 42
4 10 65
4 11 53
4 12 69
4 13 67
4 14 52
4 15 52
4 16 90
4 17 23
4 18 11
4 19 81
4 20 4
4 21 75
4 22 86
4 23 61
4 24 43
4 25 40
4 26 58
4 27 21
4 28 29
4 29 27
4 30 94
4 31 80
4 32 11
4 33 91
4 34 72
4 35 62
4 36 6
4 37 42
4 38 37
4 39 63
4 40 14
4 41 91
4 42 72
4 43 58
4 44 67
4 45 36
4 46 56
4 47 78
4 48 82
4 49 60
4 50 33
4 51 86
4 52 86
4 53 4
4 54 91
4 55 2
4 56 40
4 57 41
4 58 47
4 59 41
4 60 19
4 61 0
4 62 77
4 63 71
4 64 7
4 65 12
4 66 66
4 67 32
4 68 96
4 69 2
4 70 4
4 71 55
4 72 53
4 73 33
4 74 45
4 75 55
4 76 43
4 77 85
4 78 82
4 79 74
4 80 34
4 81 47
4 82 94
4 83 62
4 84 66
4 85 80
4 86 56
4 87 53
4 88 24
4 89 21
4 90 32
4 91 61
4 92 69
4 93 14
4 94 32
4 95 62
4 96 84
4 97 58
4 98 81
4 99 80
4 100 35
4 101 79
4 102 5
4 103 24
4 104 82
5 6 21
5 7 57
5 8 55
5 9 60
5 10 26
5 11 2
5 12 94
5 13 63
5 14 70
5 15 83
5 16 51
5 17 12
5 18 16
5 19 44
5 20 22
5 21 66
5 22 97
5 23 26
5 24 0
5 25 99
5 26 20
5 27 22
5 28 0
5 29 63
5 30 64
5 31 78
5 32 79
5 33 24
5 34 34
5 35 62
5 36 81
5 37 5
5 38 14
5 39 6
5 40 0
5 41 80
5 42 69
5 43 39
5 44 30
5 45 66
5 46 19
5 47 92
5 48 81
5 49 31
5 50 21
5 51 36
5 52 43
5 53 64
5 54 60
5 55 7
5 56 51
5 57 19
5 58 50
5 59 26
5 60 90
5 61 49
5 62 35
5 63 35
5 64 84
5 65 74
5 66 7
5 67 34
5 68 57
5 69 2
5 70 67
5 71 86
5 72 58
5 73 8
5 74 31
5 75 0
5 76 59
5 77 11
5 78 6
5 79 67
5 80 38
5 81 91
5 82 92
5 83 58
5 84 29
5 85 15
5 86 20
5 87 59
5 88 76
5 89 7
5 90 87
5 91 54
5 92 1
5 93 15
5 94 56
5 95 82
5 96 63
5 97 70
5 98 89
5 99 53
5 100 17
5 101 50
5 102 77
5 103 69
5 104 88
6 7 10
6 8 50
6 9 30
6 10 29
6 11 37
6 12 90
6 13 19
6 14 1
6 15 97
6 16 52
6 17 50
6 18 27
6 19 88
6 20 19
6 21 57
6 22 36
6 23 53
6 24 44
6 25 44
6 26 55
6 27 70
6 28 93
6 29 7
6 30 57
6 31 58
6 32 36
6 33 57
6 34 10
6 35 5
6 36 47
6 37 31
6 38 5
6 39 7
6 40 75
6 41 57
6 42 89
6 43 83
6 44 30
6 45 80
6 46 32
6 47 69
6 48 68
6 49 45
6 50 20
6 51 76
6 52 40
6 53 58
6 54 95
6 55 19
6 56 93
6 57 11
6 58 2
6 59 6
6 60 54
6 61 41
6 62 66
6 63 37
6 64 31
6 65 70
6 66 13
6 67 48
6 68 23
6 69 84
6 70 14
6 71 10
6 72 73
6 73 27
6 74 64
6 75 50
6 76 54
6 77 86
6 78 63
6 79 9
6 80 81
6 81 90
6 82 18
6 83 49
6 84 56
6 85 66
6 86 75
6 87 66
6 88 18
6 89 20
6 90 21
6 91 72
6 92 96
6 93 69
6 94 68
6 95 36
6 96 43
6 97 88
6 98 65
6 99 85
6 100 84
6 101 40
6 102 31
6 103 32
6 104 39
7 8 27
7 9 53
7 10 84
7 11 81
7 12 15
7 13 6
7 14 42
7 15 18
7 16 87
7 17 78
7 18 92
7 19 12
7 20 53
7 21 5
7 22 65
7 23 62
7 24 56
7 25 47
7 26 89
7 27 94
7 28 91
7 29 56
7 30 50
7 31 86
7 32 81
7 33 17
7 34 12
7 35 85
7 36 32
7 37 19
7 38 94
7 39 13
7 40 70
7 41 10
7 42 51
7 43 35
7 44 28
7 45 89
7 46 74
7 47 80
7 48 40
7 49 36
7 50 24
7 51 95
7 52 4
7 53 60
7 54 55
7 55 55
7 56 14
7 57 75
7 58 0
7 59 63
7 60 72
7 61 8
7 62 12
7 63 54
7 64 35
7 65 39
7 66 85
7 67 36
7 68 87
7 69 2
7 70 34
7 71 96
7 72 3
7 73 87
7 74 39
7 75 98
7 76 73
7 77 63
7 78 74
7 79 10
7 80 17
7 81 22
7 82 30
7 83 90
7 84 75
7 85 68
7 86 36
7 87 21
7 88 44
7 89 64
7 90 15
7 91 87
7 92 45
7 93 34
7 94 4
7 95 16
7 96 88
7 97 88
7 98 8
7 99 90
7 100 30
7 101 19
7 102 69
7 103 1
7 104 33
8 9 61
8 10 58
8 11 37
8 12 76
8 13 78
8 14 14
8 15 66
8 16 71
8 17 23
8 18 76
8 19 12
8 20 69
8 21 86
8 22 37
8 23 40
8 24 86
8 25 59
8 26 19
8 27 88
8 28 70
8 29 9
8 30 3
8 31 5
8 32 91
8 33 38
8 34 72
8 35 2
8 36 47
8 37 77
8 38 16
8 39 6
8 40 41
8 41 55
8 42 72
8 43 67
8 44 42
8 45 58
8 46 39
8 47 4
8 48 68
8 49 64
8 50 72
8 51 97
8 52 10
8 53 50
8 54 0
8 55 51
8 56 27
8 57 40
8 58 44
8 59 64
8 60 73
8 61 84
8 62 60
8 63 30
8 64 2
8 65 0
8 66 55
8 67 34
8 68 77
8 69 13
8 70 86
8 71 1
8 72 41
8 73 23
8 74 12
8 75 76
8 76 35
8 77 13
8 78 42
8 79 51
8 80 84
8 81 32
8 82 64
8 83 48
8 84 97
8 85 74
8 86 87
8 87 15
8 88 88
8 89 48
8 90 73
8 91 71
8 92 46
8 93 31
8 94 83
8 95 35
8 96 26
8 97 32
8 98 74
8 99 26
8 100 42
8 101 93
8 102 82
8 103 63
8 104 56
9 10 62
9 11 61
9 12 75
9 13 43
9 14 3
9 15 46
9 16 96
9 17 0
9 18 17
9 19 55
9 20 70
9 21 11
9 22 60
9 23 70
9 24 13
9 25 31
9 26 2
9 27 4
9 28 48
9 29 26
9 30 37
9 31 44
9 32 93
9 33 66
9 34 46
9 35 7
9 36 45
9 37 68
9 38 69
9 39 84
9 40 20
9 41 77
9 42 81
9 43 92
9 44 79
9 45 1
9 46 91
9 47 12
9 48 43
9 49 7
9 50 40
9 51 60
9 52 48
9 53 33
9 54 39
9 55 9
9 56 10
9 57 83
9 58 34
9 59 42
9 60 75
9 61 93
9 62 20
9 63 86
9 64 53
9 65 93
9 66 33
9 67 38
9 68 96
9 69 88
9 70 24
9 71 10
9 72 36
9 73 29
9 74 95
9 75 7
9 76 78
9 77 57
9 78 81
9 79 0
9 80 55
9 81 67
9 82 8
9 83 35
9 84 21
9 85 47
9 86 17
9 87 5
9 88 61
9 89 29
9 90 26
9 91 66
9 92 29
9 93 86
9 94 11
9 95 20
9 96 44
9 97 59
9 98 13
9 99 45
9 100 24
9 101 32
9 102 52
9 103 34
9 104 85
10 11 29
10 12 0
10 13 84
10 14 96
10 15 47
10 16 12
10 17 49
10 18 33
10 19 19
10 20 50
10 21 93
10 22 3
10 23 64
10 24 33
10 25 19
10 26 84
10 27 61
10 28 27
10 29 28
10 30 53
10 31 21
10 32 33
10 33 6
10 34 97
10 35 24
10 36 7
10 37 50
10 38 10
10 39 57
10 40 34
10 41 58
10 42 33
10 43 90
10 44 94
10 45 53
10 46 91
10 47 76
10 48 1
10 49 59
10 50 49
10 51 24
10 52 79
10 53 93
10 54 62
10 55 35
10 56 51
10 57 31
10 58 57
10 59 61
10 60 56
10 61 36
10 62 45
10 63 71
10 64 73
10 65 59
10 66 3
10 67 1
10 68 97
10 69 66
10 70 9
10 71 25
10 72 93
10 73 45
10 74 50
10 75 99
10 76 91
10 77 99
10 78 48
10 79 27
10 80 18
10 81 7
10 82 38
10 83 68
10 84 2
10 85 38
10 86 35
10 87 44
10 88 14
10 89 21
10 90 64
10 91 6
10 92 18
10 93 43
10 94 64
10 95 19
10 96 93
10 97 44
10 98 38
10 99 54
10 100 98
10 101 16
10 102 96
10 103 28
10 104 16
11 12 3
11 13 98
11 14 73
11 15 79
11 16 29
11 17 2
11 18 96
11 19 25
11 20 30
11 21 77
11 22 13
11 23 97
11 24 67
11 25 15
11 26 50
11 27 79
11 28 15
11 29 75
11 30 64
11 31 84
11 32 68
11 33 22
11 34 83
11 35 89
11 36 94
11 37 51
11 38 50
11 39 52
11 40 5
11 41 65
11 42 4
11 43 42
11 44 29
11 45 6
11 46 78
11 47 16
11 48 58
11 49 84
11 50 64
11 51 58
11 52 10
11 53 25
11 54 89
11 55 55
11 56 47
11 57 68
11 58 1
11 59 14
11 60 37
11 61 23
11 62 52
11 63 41
11 64 84
11 65 44
11 66 35
11 67 18
11 68 55
11 69 43
11 70 44
11 71 27
11 72 51
11 73 85
11 74 85
11 75 78
11 76 8
11 77 39
11 78 41
11 79 72
11 80 20
11 81 4
11 82 31
11 83 34
11 84 26
11 85 15
11 86 99
11 87 66
11 88 47
11 89 42
11 90 24
11 91 12
11 92 38
11 93 7
11 94 26
11 95 10
11 96 92
11 97 10
11 98 92
11 99 62
11 100 3
11 101 69
11 102 77
11 103 1
11 104 19
12 13 13
12 14 37
12 15 64
12 16 71
12 17 93
12 18 54
12 19 10
12 20 17
12 21 43
12 22 36
12 23 8
12 24 83
12 25 50
12 26 43
12 27 86
12 28 3
12 29 53
12 30 95
12 31 95
12 32 92
12 33 38
12 34 23
12 35 1
12 36 49
12 37 20
12 38 32
12 39 79
12 40 35
12 41 67
12 42 59
12 43 3
12 44 78
12 45 4
12 46 53
12 47 23
12 48 20
12 49 52
12 50 8
12 51 22
12 52 8
12 53 54
12 54 19
12 55 49
12 56 49
12 57 35
12 58 59
12 59 61
12 60 99
12 61 2
12 62 52
12 63 14
12 64 77
12 65 45
12 66 0
12 67 28
12 68 65
12 69 1
12 70 39
12 71 67
12 72 15
12 73 88
12 74 62
12 75 77
12 76 92
12 77 11
12 78 67
12 79 15
12 80 11
12 81 61
12 82 68
12 83 91
12 84 28
12 85 72
12 86 17
12 87 33
12 88 54
12 89 30
12 90 37
12 91 0
12 92 21
12 93 10
12 94 56
12 95 89
12 96 49
12 97 13
12 98 27
12 99 61
12 100 15
12 101 9
12 102 77
12 103 8
12 104 10
13 14 60
13 15 34
13 16 6
13 17 1
13 18 71
13 19 94
13 20 78
13 21 7
13 22 15
13 23 3
13 24 49
13 25 89
13 26 87
13 27 48
13 28 74
13 29 20
13 30 87
13 31 94
13 32 15
13 33 94
13 34 17
13 35 84
13 36 38
13 37 55
13 38 26
13 39 12
13 40 9
13 41 77
13 42 86
13 43 5
13 44 1
13 45 6
13 46 53
13 47 1
13 48 96
13 49 76
13 50 41
13 51 7
13 52 95
13 53 83
13 54 86
13 55 14
13 56 3
13 57 59
13 58 85
13 59 40
13 60 41
13 61 86
13 62 86
13 63 78
13 64 85
13 65 96
13 66 2
13 67 36
13 68 8
13 69 73
13 70 26
13 71 39
13 72 90
13 73 62
13 74 1
13 75 16
13 76 6
13 77 84
13 78 96
13 79 34
13 80 94
13 81 17
13 82 40
13 83 95
13 84 90
13 85 88
13 86 42
13 87 32
13 88 33
13 89 24
13 90 63
13 91 10
13 92 24
13 93 85
13 94 96
13 95 22
13 96 64
13 97 92
13 98 91
13 99 91
13 100 6
13 101 69
13 102 98
13 103 50
13 104 46
14 15 79
14 16 40
14 17 46
14 18 20
14 19 31
14 20 13
14 21 86
14 22 50
14 23 45
14 24 20
14 25 81
14 26 51
14 27 35
14 28 16
14 29 21
14 30 36
14 31 91
14 32 35
14 33 87
14 34 22
14 35 79
14 36 18
14 37 8
14 38 91
14 39 78
14 40 34
14 41 2
14 42 67
14 43 49
14 44 56
14 45 94
14 46 35
14 47 34
14 48 50
14 49 8
14 50 90
14 51 70
14 52 18
14 53 4
14 54 66
14 55 66
14 56 96
14 57 59
14 58 10
14 59 21
14 60 54
14 61 28
14 62 44
14 63 25
14 64 94
14 65 4
14 66 59
14 67 46
14 68 50
14 69 56
14 70 0
14 71 24
14 72 6
14 73 19
14 74 95
14 75 24
14 76 22
14 77 81
14 78 36
14 79 89
14 80 10
14 81 84
14 82 62
14 83 71
14 84 3
14 85 60
14 86 66
14 87 62
14 88 69
14 89 92
14 90 83
14 91 72
14 92 13
14 93 82
14 94 45
14 95 66
14 96 80
14 97 18
14 98 6
14 99 7
14 100 48
14 101 66
14 102 70
14 103 60
14 104 53
15 16 42
15 17 61
15 18 29
15 19 26
15 20 26
15 21 32
15 22 0
15 23 10
15 24 4
15 25 89
15 26 23
15 27 48
15 28 82
15 29 81
15 30 98
15 31 70
15 32 89
15 33 44
15 34 79
15 35 82
15 36 41
15 37 9
15 38 72
15 39 70
15 40 62
15 41 98
15 42 48
15 43 92
15 44 40
15 45 31
15 46 51
15 47 13
15 48 24
15 49 98
15 50 75
15 51 9
15 52 65
15 53 61
15 54 6
15 55 88
15 56 23
15 57 92
15 58 10
15 59 43
15 60 91
15 61 98
15 62 99
15 63 10
15 64 15
15 65 24
15 66 35
15 67 95
15 68 48
15 69 64
15 70 33
15 71 63
15 72 85
15 73 33
15 74 46
15 75 32
15 76 56
15 77 33
15 78 10
15 79 9
15 80 78
15 81 43
15 82 81
15 83 16
15 84 40
15 85 64
15 86 10
15 87 88
15 88 86
15 89 60
15 90 88
15 91 73
15 92 97
15 93 40
15 94 13
15 95 51
15 96 52
15 97 18
15 98 22
15 99 3
15 100 81
15 101 88
15 102 81
15 103 23
15 104 86
16 17 68
16 18 89
16 19 7
16 20 86
16 21 49
16 22 13
16 23 89
16 24 82
16 25 72
16 26 27
16 27 34
16 28 34
16 29 58
16 30 21
16 31 45
16 32 46
16 33 58
16 34 13
16 35 46
16 36 73
16 37 53
16 38 76
16 39 61
16 40 12
16 41 80
16 42 73
16 43 0
16 44 31
16 45 75
16 46 39
16 47 22
16 48 93
16 49 89
16 50 26
16 51 42
16 52 56
16 53 98
16 54 47
16 55 75
16 56 82
16 57 51
16 58 30
16 59 27
16 60 98
16 61 38
16 62 88
16 63 75
16 64 34
16 65 45
16 66 74
16 67 50
16 68 22
16 69 51
16 70 41
16 71 45
16 72 55
16 73 64
16 74 15
16 75 13
16 76 37
16 77 22
16 78 57
16 79 15
16 80 17
16 81 5
16 82 38
16 83 38
16 84 81
16 85 64
16 86 89
16 87 6
16 88 58
16 89 45
16 90 51
16 91 16
16 92 95
16 93 34
16 94 68
16 95 95
16 96 78
16 97 24
16 98 58
16 99 62
16 100 20
16 101 0
16 102 33
16 103 7
16 104 98
17 18 49
17 19 29
17 20 36
17 21 93
17 22 50
17 23 24
17 24 97
17 25 23
17 26 38
17 27 66
17 28 10
17 29 60
17 30 42
17 31 88
17 32 31
17 33 22
17 34 36
17 35 53
17 36 12
17 37 47
17 38 55
17 39 29
17 40 40
17 41 71
17 42 47
17 43 54
17 44 29
17 45 81
17 46 91
17 47 89
17 48 38
17 49 93
17 50 39
17 51 99
17 52 66
17 53 15
17 54 54
17 55 88
17 56 89
17 57 13
17 58 80
17 59 61
17 60 67
17 61 0
17 62 55
17 63 96
17 64 71
17 65 22
17 66 70
17 67 88
17 68 78
17 69 81
17 70 95
17 71 6
17 72 9
17 73 85
17 74 50
17 75 84
17 76 4
17 77 33
17 78 49
17 79 29
17 80 57
17 81 93
17 82 14
17 83 22
17 84 35
17 85 42
17 86 16
17 87 23
17 88 32
17 89 42
17 90 82
17 91 83
17 92 65
17 93 78
17 94 36
17 95 26
17 96 34
17 97 88
17 98 70
17 99 73
17 100 97
17 101 58
17 102 16
17 103 64
17 104 50
18 19 84
18 20 14
18 21 71
18 22 95
18 23 93
18 24 66
18 25 52
18 26 13
18 27 88
18 28 54
18 29 3
18 30 88
18 31 61
18 32 99
18 33 31
18 34 29
18 35 11
18 36 99
18 37 43
18 38 31
18 39 40
18 40 53
18 41 58
18 42 51
18 43 5
18 44 3
18 45 23
18 46 45
18 47 64
18 48 14
18 49 25
18 50 27
18 51 1
18 52 78
18 53 45
18 54 56
18 55 66
18 56 52
18 57 16
18 58 37
18 59 57
18 60 95
18 61 94
18 62 80
18 63 73
18 64 53
18 65 7
18 66 64
18 67 78
18 68 52
18 69 2
18 70 78
18 71 9
18 72 0
18 73 27
18 74 72
18 75 92
18 76 65
18 77 30
18 78 45
18 79 85
18 80 61
18 81 55
18 82 15
18 83 51
18 84 68
18 85 37
18 86 77
18 87 51
18 88 78
18 89 83
18 90 2
18 91 4
18 92 36
18 93 9
18 94 44
18 95 10
18 96 70
18 97 79
18 98 1
18 99 25
18 100 44
18 101 28
18 102 76
18 103 12
18 104 46
19 20 98
19 21 72
19 22 27
19 23 17
19 24 55
19 25 19
19 26 52
19 27 94
19 28 69
19 29 10
19 30 49
19 31 21
19 32 38
19 33 2
19 34 24
19 35 3
19 36 4
19 37 50
19 38 2
19 39 14
19 40 8
19 41 90
19 42 41
19 43 19
19 44 78
19 45 99
19 46 68
19 47 55
19 48 7
19 49 44
19 50 31
19 51 61
19 52 21
19 53 52
19 54 84
19 55 52
19 56 5
19 57 17
19 58 19
19 59 81
19 60 86
19 61 36
19 62 18
19 63 65
19 64 6
19 65 70
19 66 34
19 67 95
19 68 86
19 69 44
19 70 1
19 71 19
19 72 27
19 73 51
19 74 73
19 75 45
19 76 83
19 77 82
19 78 66
19 79 81
19 80 81
19 81 26
19 82 25
19 83 98
19 84 26
19 85 52
19 86 86
19 87 81
19 88 81
19 89 46
19 90 50
19 91 75
19 92 93
19 93 87
19 94 84
19 95 33
19 96 34
19 97 44
19 98 85
19 99 90
19 100 61
19 101 89
19 102 15
19 103 32
19 104 70
20 21 8
20 22 19
20 23 13
20 24 15
20 25 62
20 26 2
20 27 87
20 28 84
20 29 14
20 30 43
20 31 80
20 32 13
20 33 27
20 34 70
20 35 72
20 36 60
20 37 62
20 38 4
20 39 64
20 40 60
20 41 25
20 42 75
20 43 49
20 44 20
20 45 95
20 46 47
20 47 74
20 48 46
20 49 90
20 50 36
20 51 25
20 52 67
20 53 38
20 54 89
20 55 20
20 56 93
20 57 76
20 58 95
20 59 85
20 60 62
20 61 36
20 62 42
20 63 56
20 64 51
20 65 5
20 66 84
20 67 30
20 68 54
20 69 7
20 70 62
20 71 76
20 72 38
20 73 48
20 74 56
20 75 19
20 76 28
20 77 56
20 78 5
20 79 25
20 80 34
20 81 68
20 82 89
20 83 39
20 84 42
20 85 99
20 86 48
20 87 38
20 88 5
20 89 75
20 90 81
20 91 4
20 92 80
20 93 17
20 94 78
20 95 42
20 96 56
20 97 19
20 98 63
20 99 79
20 100 71
20 101 20
20 102 64
20 103 93
20 104 68
21 22 25
21 23 94
21 24 33
21 25 93
21 26 32
21 27 81
21 28 26
21 29 45
21 30 33
21 31 86
21 32 69
21 33 34
21 34 4
21 35 98
21 36 15
21 37 72
21 38 40
21 39 4
21 40 44
21 41 72
21 42 42
21 43 35
21 44 37
21 45 24
21 46 11
21 47 66
21 48 91
21 49 53
21 50 3
21 51 3
21 52 83
21 53 3
21 54 48
21 55 32
21 56 19
21 57 43
21 58 63
21 59 93
21 60 22
21 61 13
21 62 73
21 63 6
21 64 26
21 65 6
21 66 44
21 67 85
21 68 16
21 69 47
21 70 63
21 71 9
21 72 71
21 73 49
21 74 92
21 75 53
21 76 15
21 77 42
21 78 38
21 79 4
21 80 69
21 81 63
21 82 45
21 83 93
21 84 70
21 85 74
21 86 58
21 87 18
21 88 90
21 89 63
21 90 36
21 91 0
21 92 64
21 93 1
21 94 54
21 95 67
21 96 47
21 97 25
21 98 65
21 99 37
21 100 59
21 101 88
21 102 75
21 103 86
21 104 56
22 23 12
22 24 22
22 25 3
22 26 32
22 27 20
22 28 13
22 29 60
22 30 80
22 31 63
22 32 23
22 33 1
22 34 17
22 35 28
22 36 49
22 37 23
22 38 49
22 39 96
22 40 81
22 41 62
22 42 29
22 43 91
22 44 22
22 45 54
22 46 89
22 47 91
22 48 79
22 49 37
22 50 32
22 51 25
22 52 4
22 53 20
22 54 86
22 55 68
22 56 55
22 57 20
22 58 20
22 59 11
22 60 58
22 61 79
22 62 33
22 63 15
22 64 8
22 65 69
22 66 45
22 67 73
22 68 19
22 69 73
22 70 43
22 71 14
22 72 59
22 73 54
22 74 50
22 75 16
22 76 49
22 77 6
22 78 37
22 79 20
22 80 90
22 81 65
22 82 46
22 83 86
22 84 18
22 85 55
22 86 72
22 87 29
22 88 51
22 89 57
22 90 44
22 91 24
22 92 78
22 93 55
22 94 90
22 95 51
22 96 75
22 97 99
22 98 18
22 99 35
22 100 47
22 101 48
22 102 81
22 103 69
22 104 15
23 24 82
23 25 84
23 26 48
23 27 56
23 28 76
23 29 69
23 30 96
23 31 63
23 32 86
23 33 41
23 34 81
23 35 29
23 36 38
23 37 47
23 38 56
23 39 55
23 40 46
23 41 38
23 42 39
23 43 33
23 44 70
23 45 95
23 46 0
23 47 3
23 48 58
23 49 50
23 50 21
23 51 3
23 52 46
23 53 81
23 54 11
23 55 84
23 56 30
23 57 30
23 58 27
23 59 35
23 60 60
23 61 50
23 62 80
23 63 89
23 64 45
23 65 87
23 66 90
23 67 17
23 68 89
23 69 83
23 70 78
23 71 55
23 72 56
23 73 35
23 74 57
23 75 10
23 76 79
23 77 90
23 78 1
23 79 72
23 80 57
23 81 97
23 82 42
23 83 46
23 84 19
23 85 8
23 86 87
23 87 10
23 88 73
23 89 45
23 90 53
23 91 92
23 92 41
23 93 91
23 94 40
23 95 22
23 96 50
23 97 23
23 98 90
23 99 58
23 100 36
23 101 72
23 102 27
23 103 87
23 104 78
24 25 21
24 26 82
24 27 20
24 28 1
24 29 70
24 30 45
24 31 12
24 32 59
24 33 26
24 34 6
24 35 80
24 36 93
24 37 54
24 38 71
24 39 60
24 40 4
24 41 31
24 42 0
24 43 97
24 44 65
24 45 76
24 46 52
24 47 86
24 48 38
24 49 91
24 50 29
24 51 49
24 52 21
24 53 50
24 54 50
24 55 3
24 56 42
24 57 36
24 58 90
24 59 62
24 60 60
24 61 27
24 62 18
24 63 99
24 64 91
24 65 76
24 66 80
24 67 87
24 68 19
24 69 79
24 70 84
24 71 64
24 72 82
24 73 21
24 74 25
24 75 95
24 76 48
24 77 55
24 78 30
24 79 22
24 80 99
24 81 95
24 82 41
24 83 33
24 84 7
24 85 48
24 86 6
24 87 78
24 88 53
24 89 21
24 90 66
24 91 11
24 92 73
24 93 30
24 94 14
24 95 98
24 96 53
24 97 2
24 98 65
24 99 47
24 100 93
24 101 7
24 102 54
24 103 76
24 104 22
25 26 2
25 27 54
25 28 50
25 29 40
25 30 41
25 31 67
25 32 41
25 33 93
25 34 51
25 35 16
25 36 27
25 37 82
25 38 90
25 39 47
25 40 7
25 41 30
25 42 61
25 43 65
25 44 39
25 45 60
25 46 52
25 47 99
25 48 59
25 49 90
25 50 73
25 51 67
25 52 36
25 53 74
25 54 98
25 55 93
25 56 60
25 57 59
25 58 70
25 59 54
25 60 99
25 61 16
25 62 92
25 63 58
25 64 62
25 65 59
25 66 13
25 67 25
25 68 5
25 69 36
25 70 77
25 71 97
25 72 33
25 73 23
25 74 33
25 75 63
25 76 5
25 77 6
25 78 58
25 79 95
25 80 30
25 81 50
25 82 78
25 83 99
25 84 71
25 85 74
25 86 36
25 87 26
25 88 79
25 89 55
25 90 63
25 91 43
25 92 92
25 93 28
25 94 22
25 95 24
25 96 16
25 97 23
25 98 46
25 99 92
25 100 50
25 101 76
25 102 45
25 103 25
25 104 83
26 27 3
26 28 39
26 29 90
26 30 27
26 31 31
26 32 79
26 33 3
26 34 77
26 35 73
26 36 27
26 37 16
26 38 61
26 39 75
26 40 86
26 41 48
26 42 71
26 43 41
26 44 8
26 45 78
26 46 17
26 47 14
26 48 43
26 49 52
26 50 37
26 51 36
26 52 11
26 53 78
26 54 80
26 55 19
26 56 48
26 57 41
26 58 58
26 59 54
26 60 86
26 61 59
26 62 55
26 63 94
26 64 50
26 65 50
26 66 10
26 67 12
26 68 44
26 69 35
26 70 10
26 71 14
26 72 1
26 73 84
26 74 58
26 75 60
26 76 18
26 77 8
26 78 84
26 79 97
26 80 85
26 81 26
26 82 42
26 83 5
26 84 75
26 85 4
26 86 36
26 87 13
26 88 19
26 89 45
26 90 60
26 91 69
26 92 29
26 93 50
26 94 58
26 95 63
26 96 64
26 97 40
26 98 1
26 99 64
26 100 59
26 101 87
26 102 79
26 103 61
26 104 66
27 28 59
27 29 31
27 30 55
27 31 39
27 32 64
27 33 2
27 34 86
27 35 62
27 36 1
27 37 47
27 38 2
27 39 6
27 40 90
27 41 35
27 42 94
27 43 13
27 44 35
27 45 14
27 46 77
27 47 4
27 48 97
27 49 50
27 50 97
27 51 5
27 52 6
27 53 56
27 54 64
27 55 15
27 56 10
27 57 10
27 58 41
27 59 76
27 60 35
27 61 10
27 62 94
27 63 78
27 64 50
27 65 83
27 66 91
27 67 54
27 68 97
27 69 35
27 70 47
27 71 26
27 72 56
27 73 16
27 74 3
27 75 34
27 76 8
27 77 9
27 78 54
27 79 16
27 80 94
27 81 51
27 82 57
27 83 70
27 84 40
27 85 95
27 86 69
27 87 76
27 88 91
27 89 69
27 90 69
27 91 76
27 92 52
27 93 45
27 94 90
27 95 27
27 96 9
27 97 53
27 98 90
27 99 99
27 100 82
27 101 20
27 102 40
27 103 54
27 104 71
28 29 76
28 30 25
28 31 13
28 32 19
28 33 82
28 34 99
28 35 21
28 36 22
28 37 16
28 38 28
28 39 57
28 40 16
28 41 98
28 42 57
28 43 16
28 44 98
28 45 46
28 46 28
28 47 28
28 48 9
28 49 31
28 50 84
28 51 81
28 52 8
28 53 48
28 54 32
28 55 9
28 56 3
28 57 99
28 58 50
28 59 7
28 60 70
28 61 33
28 62 85
28 63 87
28 64 22
28 65 44
28 66 95
28 67 31
28 68 55
28 69 67
28 70 49
28 71 87
28 72 27
28 73 25
28 74 94
28 75 9
28 76 98
28 77 24
28 78 74
28 79 32
28 80 12
28 81 2
28 82 80
28 83 99
28 84 65
28 85 60
28 86 81
28 87 99
28 88 82
28 89 71
28 90 63
28 91 17
28 92 30
28 93 69
28 94 65
28 95 99
28 96 10
28 97 24
28 98 4
28 99 48
28 100 77
28 101 3
28 102 80
28 103 51
28 104 64
29 30 99
29 31 9
29 32 3
29 33 10
29 34 8
29 35 24
29 36 59
29 37 91
29 38 4
29 39 41
29 40 27
29 41 70
29 42 79
29 43 21
29 44 24
29 45 97
29 46 66
29 47 11
29 48 84
29 49 5
29 50 50
29 51 19
29 52 64
29 53 80
29 54 91
29 55 31
29 56 85
29 57 81
29 58 16
29 59 32
29 60 82
29 61 54
29 62 39
29 63 34
29 64 46
29 65 31
29 66 89
29 67 84
29 68 22
29 69 72
29 70 67
29 71 59
29 72 63
29 73 7
29 74 33
29 75 49
29 76 97
29 77 45
29 78 4
29 79 42
29 80 38
29 81 5
29 82 9
29 83 50
29 84 15
29 85 81
29 86 48
29 87 36
29 88 62
29 89 53
29 90 90
29 91 19
29 92 46
29 93 24
29 94 23
29 95 59
29 96 27
29 97 44
29 98 6
29 99 14
29 100 25
29 101 69
29 102 12
29 103 40
29 104 49
30 31 70
30 32 24
30 33 31
30 34 62
30 35 91
30 36 99
30 37 85
30 38 5
30 39 95
30 40 1
30 41 20
30 42 52
30 43 34
30 44 77
30 45 46
30 46 97
30 47 64
30 48 60
30 49 0
30 50 95
30 51 78
30 52 87
30 53 11
30 54 50
30 55 81
30 56 17
30 57 52
30 58 68
30 59 77
30 60 1
30 61 1
30 62 58
30 63 13
30 64 75
30 65 80
30 66 92
30 67 78
30 68 26
30 69 57
30 70 66
30 71 81
30 72 98
30 73 85
30 74 84
30 75 58
30 76 98
30 77 59
30 78 63
30 79 29
30 80 37
30 81 62
30 82 59
30 83 10
30 84 72
30 85 66
30 86 4
30 87 45
30 88 67
30 89 54
30 90 28
30 91 79
30 92 90
30 93 25
30 94 52
30 95 85
30 96 10
30 97 71
30 98 78
30 99 2
30 100 76
30 101 34
30 102 67
30 103 63
30 104 94
31 32 31
31 33 90
31 34 96
31 35 99
31 36 7
31 37 17
31 38 7
31 39 30
31 40 25
31 41 51
31 42 3
31 43 24
31 44 65
31 45 85
31 46 72
31 47 76
31 48 67
31 49 0
31 50 14
31 51 36
31 52 75
31 53 38
31 54 56
31 55 39
31 56 48
31 57 31
31 58 33
31 59 99
31 60 84
31 61 56
31 62 51
31 63 40
31 64 9
31 65 33
31 66 12
31 67 83
31 68 98
31 69 89
31 70 92
31 71 69
31 72 97
31 73 83
31 74 26
31 75 73
31 76 80
31 77 36
31 78 50
31 79 31
31 80 80
31 81 50
31 82 40
31 83 42
31 84 37
31 85 96
31 86 56
31 87 77
31 88 78
31 89 24
31 90 1
31 91 32
31 92 47
31 93 85
31 94 90
31 95 70
31 96 93
31 97 75
31 98 83
31 99 68
31 100 78
31 101 93
31 102 55
31 103 54
31 104 30
32 33 43
32 34 38
32 35 39
32 36 43
32 37 93
32 38 74
32 39 56
32 40 13
32 41 66
32 42 35
32 43 41
32 44 41
32 45 53
32 46 23
32 47 50
32 48 51
32 49 66
32 50 98
32 51 71
32 52 38
32 53 56
32 54 65
32 55 89
32 56 23
32 57 29
32 58 35
32 59 45
32 60 75
32 61 68
32 62 51
32 63 35
32 64 4
32 65 69
32 66 20
32 67 25
32 68 0
32 69 97
32 70 30
32 71 35
32 72 5
32 73 74
32 74 19
32 75 92
32 76 80
32 77 46
32 78 53
32 79 72
32 80 40
32 81 68
32 82 44
32 83 32
32 84 48
32 85 77
32 86 1
32 87 12
32 88 23
32 89 78
32 90 37
32 91 79
32 92 2
32 93 85
32 94 92
32 95 27
32 96 15
32 97 48
32 98 18
32 99 74
32 100 83
32 101 44
32 102 42
32 103 60
32 104 3
33 34 88
33 35 20
33 36 98
33 37 40
33 38 15
33 39 32
33 40 52
33 41 46
33 42 95
33 43 5
33 44 73
33 45 39
33 46 46
33 47 7
33 48 97
33 49 57
33 50 34
33 51 67
33 52 8
33 53 59
33 54 95
33 55 66
33 56 51
33 57 65
33 58 46
33 59 74
33 60 54
33 61 90
33 62 9
33 63 77
33 64 98
33 65 43
33 66 8
33 67 90
33 68 20
33 69 85
33 70 27
33 71 7
33 72 83
33 73 90
33 74 3
33 75 49
33 76 74
33 77 96
33 78 36
33 79 73
33 80 82
33 81 95
33 82 94
33 83 68
33 84 7
33 85 68
33 86 99
33 87 78
33 88 3
33 89 94
33 90 45
33 91 75
33 92 65
33 93 1
33 94 89
33 95 59
33 96 16
33 97 10
33 98 64
33 99 47
33 100 30
33 101 25
33 102 45
33 103 22
33 104 86
34 35 95
34 36 85
34 37 34
34 38 91
34 39 71
34 40 39
34 41 15
34 42 56
34 43 79
34 44 7
34 45 43
34 46 73
34 47 30
34 48 80
34 49 32
34 50 82
34 51 92
34 52 96
34 53 71
34 54 21
34 55 80
34 56 68
34 57 7
34 58 85
34 59 19
34 60 72
34 61 78
34 62 6
34 63 57
34 64 83
34 65 5
34 66 95
34 67 7
34 68 76
34 69 44
34 70 40
34 71 92
34 72 87
34 73 94
34 74 19
34 75 69
34 76 60
34 77 11
34 78 70
34 79 0
34 80 9
34 81 62
34 82 31
34 83 84
34 84 35
34 85 76
34 86 42
34 87 8
34 88 53
34 89 1
34 90 15
34 91 30
34 92 32
34 93 15
34 94 58
34 95 45
34 96 86
34 97 70
34 98 74
34 99 34
34 100 69
34 101 60
34 102 88
34 103 96
34 104 72
35 36 30
35 37 5
35 38 85
35 39 75
35 40 87
35 41 25
35 42 38
35 43 20
35 44 72
35 45 38
35 46 32
35 47 26
35 48 69
35 49 24
35 50 9
35 51 2
35 52 11
35 53 88
35 54 0
35 55 43
35 56 65
35 57 0
35 58 96
35 59 70
35 60 73
35 61 19
35 62 84
35 63 28
35 64 46
35 65 73
35 66 90
35 67 78
35 68 73
35 69 16
35 70 22
35 71 42
35 72 93
35 73 21
35 74 93
35 75 40
35 76 34
35 77 39
35 78 18
35 79 8
35 80 29
35 81 4
35 82 6
35 83 91
35 84 12
35 85 44
35 86 56
35 87 48
35 88 23
35 89 57
35 90 52
35 91 3
35 92 61
35 93 41
35 94 30
35 95 17
35 96 28
35 97 62
35 98 39
35 99 33
35 100 52
35 101 35
35 102 61
35 103 65
35 104 17
36 37 79
36 38 68
36 39 14
36 40 70
36 41 27
36 42 86
36 43 69
36 44 93
36 45 34
36 46 32
36 47 97
36 48 5
36 49 62
36 50 53
36 51 42
36 52 67
36 53 37
36 54 92
36 55 22
36 56 20
36 57 48
36 58 73
36 59 19
36 60 51
36 61 3
36 62 81
36 63 30
36 64 90
36 65 65
36 66 53
36 67 29
36 68 73
36 69 88
36 70 84
36 71 0
36 72 21
36 73 97
36 74 50
36 75 57
36 76 23
36 77 9
36 78 27
36 79 26
36 80 98
36 81 0
36 82 10
36 83 16
36 84 64
36 85 6
36 86 9
36 87 77
36 88 70
36 89 12
36 90 33
36 91 70
36 92 19
36 93 32
36 94 22
36 95 22
36 96 90
36 97 47
36 98 85
36 99 12
36 100 52
36 101 54
36 102 63
36 103 99
36 104 69
37 38 95
37 39 95
37 40 1
37 41 14
37 42 60
37 43 71
37 44 87
37 45 37
37 46 86
37 47 99
37 48 5
37 49 25
37 50 60
37 51 23
37 52 70
37 53 11
37 54 76
37 55 15
37 56 30
37 57 6
37 58 93
37 59 50
37 60 45
37 61 28
37 62 88
37 63 48
37 64 66
37 65 1
37 66 79
37 67 72
37 68 77
37 69 13
37 70 67
37 71 56
37 72 84
37 73 75
37 74 12
37 75 0
37 76 95
37 77 2
37 78 3
37 79 25
37 80 73
37 81 35
37 82 1
37 83 50
37 84 2
37 85 82
37 86 21
37 87 70
37 88 39
37 89 3
37 90 11
37 91 16
37 92 10
37 93 6
37 94 27
37 95 6
37 96 39
37 97 42
37 98 95
37 99 52
37 100 37
37 101 99
37 102 18
37 103 7
37 104 56
38 39 31
38 40 31
38 41 6
38 42 57
38 43 31
38 44 18
38 45 62
38 46 97
38 47 37
38 48 86
38 49 20
38 50 96
38 51 7
38 52 88
38 53 55
38 54 67
38 55 50
38 56 31
38 57 64
38 58 73
38 59 47
38 60 42
38 61 1
38 62 2
38 63 17
38 64 14
38 65 36
38 66 92
38 67 70
38 68 58
38 69 86
38 70 54
38 71 81
38 72 98
38 73 84
38 74 43
38 75 78
38 76 76
38 77 81
38 78 32
38 79 52
38 80 3
38 81 74
38 82 43
38 83 58
38 84 53
38 85 82
38 86 92
38 87 67
38 88 0
38 89 43
38 90 98
38 91 88
38 92 51
38 93 5
38 94 1
38 95 78
38 96 14
38 97 58
38 98 54
38 99 71
38 100 11
38 101 85
38 102 10
38 103 54
38 104 97
39 40 21
39 41 11
39 42 4
39 43 83
39 44 46
39 45 69
39 46 4
39 47 45
39 48 90
39 49 5
39 50 20
39 51 17
39 52 47
39 53 14
39 54 85
39 55 12
39 56 29
39 57 4
39 58 41
39 59 92
39 60 83
39 61 22
39 62 59
39 63 46
39 64 4
39 65 1
39 66 2
39 67 40
39 68 0
39 69 7
39 70 76
39 71 83
39 72 32
39 73 52
39 74 10
39 75 15
39 76 96
39 77 1
39 78 50
39 79 94
39 80 27
39 81 49
39 82 76
39 83 90
39 84 98
39 85 27
39 86 39
39 87 90
39 88 82
39 89 88
39 90 96
39 91 3
39 92 73
39 93 4
39 94 9
39 95 24
39 96 34
39 97 20
39 98 62
39 99 83
39 100 9
39 101 2
39 102 79
39 103 56
39 104 76
40 41 84
40 42 69
40 43 76
40 44 87
40 45 99
40 46 26
40 47 64
40 48 14
40 49 34
40 50 28
40 51 98
40 52 23
40 53 91
40 54 85
40 55 2
40 56 33
40 57 76
40 58 62
40 59 82
40 60 2
40 61 29
40 62 5
40 63 77
40 64 7
40 65 36
40 66 12
40 67 83
40 68 2
40 69 56
40 70 77
40 71 26
40 72 65
40 73 2
40 74 41
40 75 49
40 76 84
40 77 83
40 78 45
40 79 65
40 80 8
40 81 10
40 82 58
40 83 48
40 84 14
40 85 26
40 86 81
40 87 36
40 88 52
40 89 14
40 90 69
40 91 83
40 92 49
40 93 98
40 94 64
40 95 86
40 96 70
40 97 97
40 98 11
40 99 62
40 100 68
40 101 76
40 102 15
40 103 26
40 104 67
41 42 41
41 43 81
41 44 84
41 45 32
41 46 85
41 47 68
41 48 54
41 49 91
41 50 41
41 51 79
41 52 50
41 53 58
41 54 73
41 55 36
41 56 99
41 57 93
41 58 47
41 59 9
41 60 27
41 61 67
41 62 26
41 63 78
41 64 12
41 65 70
41 66 64
41 67 68
41 68 0
41 69 44
41 70 51
41 71 81
41 72 30
41 73 87
41 74 53
41 75 63
41 76 73
41 77 73
41 78 71
41 79 6
41 80 21
41 81 90
41 82 16
41 83 72
41 84 10
41 85 42
41 86 51
41 87 88
41 88 24
41 89 4
41 90 56
41 91 16
41 92 91
41 93 82
41 94 6
41 95 41
41 96 29
41 97 26
41 98 69
41 99 77
41 100 88
41 101 59
41 102 19
41 103 77
41 104 81
42 43 41
42 44 1
42 45 14
42 46 12
42 47 15
42 48 68
42 49 18
42 50 90
42 51 71
42 52 82
42 53 54
42 54 33
42 55 99
42 56 15
42 57 43
42 58 44
42 59 74
42 60 63
42 61 60
42 62 93
42 63 36
42 64 38
42 65 15
42 66 99
42 67 17
42 68 32
42 69 17
42 70 1
42 71 88
42 72 0
42 73 26
42 74 15
42 75 56
42 76 5
42 77 72
42 78 69
42 79 68
42 80 46
42 81 61
42 82 9
42 83 85
42 84 39
42 85 20
42 86 42
42 87 80
42 88 70
42 89 12
42 90 40
42 91 74
42 92 91
42 93 51
42 94 42
42 95 65
42 96 6
42 97 49
42 98 32
42 99 46
42 100 47
42 101 6
42 102 82
42 103 86
42 104 60
43 44 46
43 45 95
43 46 45
43 47 30
43 48 4
43 49 50
43 50 96
43 51 97
43 52 49
43 53 63
43 54 55
43 55 20
43 56 89
43 57 79
43 58 34
43 59 72
43 60 14
43 61 58
43 62 65
43 63 10
43 64 70
43 65 5
43 66 77
43 67 60
43 68 41
43 69 89
43 70 91
43 71 65
43 72 16
43 73 4
43 74 68
43 75 43
43 76 27
43 77 32
43 78 90
43 79 51
43 80 86
43 81 91
43 82 38
43 83 67
43 84 32
43 85 75
43 86 31
43 87 67
43 88 54
43 89 53
43 90 41
43 91 4
43 92 0
43 93 91
43 94 63
43 95 83
43 96 5
43 97 40
43 98 16
43 99 74
43 100 68
43 101 28
43 102 97
43 103 6
43 104 60
44 45 1
44 46 63
44 47 61
44 48 39
44 49 16
44 50 65
44 51 86
44 52 45
44 53 85
44 54 0
44 55 84
44 56 16
44 57 78
44 58 6
44 59 99
44 60 33
44 61 63
44 62 36
44 63 90
44 64 4
44 65 57
44 66 70
44 67 39
44 68 91
44 69 44
44 70 40
44 71 75
44 72 78
44 73 94
44 74 73
44 75 68
44 76 87
44 77 42
44 78 19
44 79 5
44 80 62
44 81 93
44 82 66
44 83 28
44 84 51
44 85 48
44 86 23
44 87 90
44 88 56
44 89 99
44 90 99
44 91 5
44 92 62
44 93 12
44 94 58
44 95 19
44 96 75
44 97 92
44 98 58
44 99 1
44 100 74
44 101 81
44 102 12
44 103 70
44 104 52
45 46 40
45 47 25
45 48 47
45 49 83
45 50 47
45 51 16
45 52 43
45 53 42
45 54 43
45 55 87
45 56 45
45 57 78
45 58 98
45 59 53
45 60 28
45 61 35
45 62 36
45 63 38
45 64 70
45 65 87
45 66 76
45 67 8
45 68 20
45 69 13
45 70 11
45 71 90
45 72 82
45 73 1
45 74 16
45 75 62
45 76 43
45 77 51
45 78 59
45 79 48
45 80 83
45 81 78
45 82 62
45 83 62
45 84 80
45 85 3
45 86 31
45 87 40
45 88 91
45 89 81
45 90 96
45 91 48
45 92 58
45 93 0
45 94 38
45 95 87
45 96 23
45 97 67
45 98 78
45 99 98
45 100 95
45 101 48
45 102 4
45 103 21
45 104 78
46 47 32
46 48 62
46 49 34
46 50 61
46 51 51
46 52 65
46 53 20
46 54 48
46 55 43
46 56 65
46 57 43
46 58 38
46 59 76
46 60 59
46 61 40
46 62 47
46 63 81
46 64 91
46 65 16
46 66 94
46 67 88
46 68 1
46 69 27
46 70 11
46 71 95
46 72 45
46 73 89
46 74 75
46 75 97
46 76 97
46 77 0
46 78 58
46 79 84
46 80 46
46 81 29
46 82 44
46 83 28
46 84 8
46 85 84
46 86 30
46 87 55
46 88 48
46 89 80
46 90 16
46 91 32
46 92 9
46 93 91
46 94 29
46 95 14
46 96 66
46 97 85
46 98 96
46 99 5
46 100 62
46 101 61
46 102 21
46 103 55
46 104 88
47 48 63
47 49 90
47 50 58
47 51 1
47 52 14
47 53 94
47 54 23
47 55 82
47 56 39
47 57 56
47 58 67
47 59 76
47 60 38
47 61 8
47 62 13
47 63 72
47 64 80
47 65 41
47 66 71
47 67 44
47 68 22
47 69 72
47 70 12
47 71 24
47 72 74
47 73 68
47 74 22
47 75 33
47 76 96
47 77 71
47 78 36
47 79 15
47 80 15
47 81 30
47 82 27
47 83 54
47 84 45
47 85 38
47 86 3
47 87 32
47 88 11
47 89 39
47 90 50
47 91 71
47 92 47
47 93 5
47 94 49
47 95 56
47 96 68
47 97 32
47 98 16
47 99 44
47 100 91
47 101 44
47 102 87
47 103 85
47 104 5
48 49 8
48 50 68
48 51 36
48 52 67
48 53 88
48 54 81
48 55 31
48 56 15
48 57 90
48 58 69
48 59 28
48 60 1
48 61 3
48 62 51
48 63 67
48 64 24
48 65 32
48 66 85
48 67 80
48 68 54
48 69 57
48 70 23
48 71 37
48 72 78
48 73 35
48 74 39
48 75 17
48 76 84
48 77 89
48 78 92
48 79 15
48 80 32
48 81 60
48 82 98
48 83 5
48 84 41
48 85 53
48 86 16
48 87 23
48 88 35
48 89 34
48 90 18
48 91 26
48 92 44
48 93 71
48 94 6
48 95 92
48 96 18
48 97 0
48 98 3
48 99 27
48 100 46
48 101 98
48 102 52
48 103 16
48 104 30
49 50 69
49 51 67
49 52 9
49 53 43
49 54 34
49 55 46
49 56 2
49 57 62
49 58 18
49 59 34
49 60 85
49 61 58
49 62 4
49 63 26
49 64 0
49 65 13
49 66 91
49 67 29
49 68 60
49 69 26
49 70 41
49 71 83
49 72 27
49 73 91
49 74 0
49 75 55
49 76 2
49 77 57
49 78 45
49 79 47
49 80 22
49 81 2
49 82 21
49 83 69
49 84 56
49 85 71
49 86 44
49 87 28
49 88 64
49 89 85
49 90 2
49 91 88
49 92 82
49 93 71
49 94 36
49 95 64
49 96 88
49 97 32
49 98 57
49 99 59
49 100 86
49 101 91
49 102 79
49 103 37
49 104 55
50 51 10
50 52 60
50 53 84
50 54 46
50 55 4
50 56 44
50 57 52
50 58 26
50 59 95
50 60 19
50 61 19
50 62 11
50 63 85
50 64 66
50 65 34
50 66 91
50 67 3
50 68 75
50 69 66
50 70 29
50 71 2
50 72 12
50 73 88
50 74 80
50 75 20
50 76 34
50 77 36
50 78 42
50 79 84
50 80 69
50 81 68
50 82 35
50 83 20
50 84 3
50 85 34
50 86 37
50 87 52
50 88 80
50 89 90
50 90 79
50 91 40
50 92 97
50 93 78
50 94 30
50 95 93
50 96 65
50 97 52
50 98 49
50 99 5
50 100 14
50 101 12
50 102 68
50 103 47
50 104 82
51 52 98
51 53 91
51 54 0
51 55 84
51 56 6
51 57 18
51 58 43
51 59 24
51 60 3
51 61 50
51 62 28
51 63 72
51 64 61
51 65 25
51 66 66
51 67 97
51 68 62
51 69 0
51 70 13
51 71 53
51 72 47
51 73 7
51 74 78
51 75 12
51 76 2
51 77 57
51 78 27
51 79 37
51 80 29
51 81 39
51 82 72
51 83 77
51 84 13
51 85 21
51 86 94
51 87 8
51 88 83
51 89 10
51 90 39
51 91 74
51 92 63
51 93 22
51 94 66
51 95 46
51 96 4
51 97 65
51 98 72
51 99 20
51 100 6
51 101 21
51 102 54
51 103 82
51 104 21
52 53 73
52 54 82
52 55 8
52 56 79
52 57 47
52 58 72
52 59 83
52 60 53
52 61 69
52 62 50
52 63 40
52 64 29
52 65 86
52 66 64
52 67 12
52 68 85
52 69 42
52 70 35
52 71 93
52 72 70
52 73 49
52 74 45
52 75 57
52 76 53
52 77 92
52 78 33
52 79 52
52 80 12
52 81 81
52 82 25
52 83 5
52 84 79
52 85 51
52 86 13
52 87 0
52 88 42
52 89 78
52 90 26
52 91 6
52 92 15
52 93 44
52 94 32
52 95 37
52 96 31
52 97 7
52 98 83
52 99 91
52 100 17
52 101 48
52 102 71
52 103 93
52 104 32
53 54 67
53 55 67
53 56 60
53 57 67
53 58 30
53 59 67
53 60 96
53 61 34
53 62 45
53 63 38
53 64 5
53 65 12
53 66 22
53 67 45
53 68 15
53 69 28
53 70 71
53 71 16
53 72 43
53 73 18
53 74 21
53 75 99
53 76 18
53 77 30
53 78 50
53 79 91
53 80 39
53 81 39
53 82 39
53 83 60
53 84 0
53 85 46
53 86 60
53 87 59
53 88 44
53 89 13
53 90 7
53 91 10
53 92 9
53 93 19
53 94 57
53 95 99
53 96 43
53 97 82
53 98 48
53 99 39
53 100 16
53 101 69
53 102 64
53 103 79
53 104 41
54 55 72
54 56 74
54 57 19
54 58 63
54 59 82
54 60 23
54 61 41
54 62 81
54 63 98
54 64 7
54 65 89
54 66 66
54 67 5
54 68 73
54 69 56
54 70 68
54 71 50
54 72 73
54 73 63
54 74 59
54 75 63
54 76 65
54 77 62
54 78 61
54 79 14
54 80 63
54 81 81
54 82 8
54 83 49
54 84 15
54 85 73
54 86 34
54 87 37
54 88 29
54 89 19
54 90 9
54 91 96
54 92 14
54 93 43
54 94 28
54 95 19
54 96 84
54 97 94
54 98 19
54 99 50
54 100 63
54 101 29
54 102 27
54 103 0
54 104 55
55 56 0
55 57 6
55 58 46
55 59 18
55 60 29
55 61 91
55 62 85
55 63 77
55 64 89
55 65 81
55 66 35
55 67 46
55 68 30
55 69 11
55 70 37
55 71 54
55 72 26
55 73 82
55 74 97
55 75 88
55 76 72
55 77 25
55 78 66
55 79 96
55 80 96
55 81 26
55 82 85
55 83 3
55 84 83
55 85 14
55 86 59
55 87 97
55 88 65
55 89 65
55 90 28
55 91 76
55 92 31
55 93 78
55 94 64
55 95 25
55 96 63
55 97 45
55 98 61
55 99 99
55 100 40
55 101 84
55 102 51
55 103 67
55 104 60
56 57 68
56 58 40
56 59 52
56 60 10
56 61 78
56 62 26
56 63 44
56 64 24
56 65 98
56 66 12
56 67 54
56 68 40
56 69 76
56 70 96
56 71 72
56 72 30
56 73 86
56 74 70
56 75 81
56 76 1
56 77 66
56 78 40
56 79 13
56 80 5
56 81 32
56 82 34
56 83 11
56 84 50
56 85 55
56 86 1
56 87 2
56 88 98
56 89 50
56 90 41
56 91 37
56 92 18
56 93 33
56 94 66
56 95 83
56 96 0
56 97 95
56 98 28
56 99 3
56 100 9
56 101 95
56 102 71
56 103 67
56 104 82
57 58 32
57 59 92
57 60 63
57 61 82
57 62 3
57 63 39
57 64 60
57 65 95
57 66 88
57 67 39
57 68 71
57 69 59
57 70 15
57 71 26
57 72 94
57 73 37
57 74 28
57 75 64
57 76 34
57 77 52
57 78 25
57 79 80
57 80 83
57 81 75
57 82 32
57 83 98
57 84 7
57 85 66
57 86 98
57 87 30
57 88 59
57 89 5
57 90 24
57 91 79
57 92 69
57 93 95
57 94 37
57 95 83
57 96 40
57 97 55
57 98 18
57 99 56
57 100 32
57 101 60
57 102 38
57 103 63
57 104 80
58 59 83
58 60 52
58 61 28
58 62 96
58 63 48
58 64 2
58 65 63
58 66 66
58 67 63
58 68 88
58 69 45
58 70 92
58 71 99
58 72 62
58 73 23
58 74 3
58 75 12
58 76 84
58 77 9
58 78 13
58 79 25
58 80 67
58 81 40
58 82 20
58 83 20
58 84 22
58 85 95
58 86 87
58 87 13
58 88 11
58 89 23
58 90 60
58 91 56
58 92 9
58 93 29
58 94 47
58 95 85
58 96 61
58 97 30
58 98 35
58 99 44
58 100 99
58 101 86
58 102 4
58 103 63
58 104 12
59 60 78
59 61 38
59 62 4
59 63 99
59 64 48
59 65 5
59 66 88
59 67 98
59 68 62
59 69 82
59 70 39
59 71 30
59 72 78
59 73 39
59 74 64
59 75 88
59 76 83
59 77 76
59 78 40
59 79 26
59 80 78
59 81 61
59 82 65
59 83 65
59 84 11
59 85 15
59 86 53
59 87 86
59 88 80
59 89 43
59 90 21
59 91 40
59 92 66
59 93 85
59 94 70
59 95 74
59 96 73
59 97 69
59 98 96
59 99 0
59 100 78
59 101 68
59 102 53
59 103 8
59 104 86
60 61 30
60 62 87
60 63 83
60 64 62
60 65 40
60 66 83
60 67 50
60 68 41
60 69 58
60 70 60
60 71 4
60 72 55
60 73 41
60 74 18
60 75 16
60 76 33
60 77 43
60 78 22
60 79 43
60 80 43
60 81 54
60 82 81
60 83 69
60 84 17
60 85 64
60 86 18
60 87 13
60 88 53
60 89 25
60 90 0
60 91 0
60 92 13
60 93 8
60 94 3
60 95 14
60 96 53
60 97 43
60 98 23
60 99 50
60 100 42
60 101 39
60 102 12
60 103 98
60 104 54
61 62 7
61 63 10
61 64 72
61 65 50
61 66 86
61 67 29
61 68 63
61 69 35
61 70 59
61 71 44
61 72 9
61 73 69
61 74 52
61 75 7
61 76 72
61 77 37
61 78 76
61 79 19
61 80 77
61 81 62
61 82 73
61 83 22
61 84 68
61 85 98
61 86 60
61 87 75
61 88 2
61 89 55
61 90 27
61 91 97
61 92 71
61 93 70
61 94 44
61 95 32
61 96 62
61 97 70
61 98 50
61 99 10
61 100 96
61 101 99
61 102 38
61 103 65
61 104 16
62 63 42
62 64 94
62 65 61
62 66 50
62 67 92
62 68 85
62 69 65
62 70 86
62 71 89
62 72 60
62 73 20
62 74 15
62 75 98
62 76 20
62 77 72
62 78 30
62 79 90
62 80 71
62 81 29
62 82 36
62 83 96
62 84 23
62 85 37
62 86 82
62 87 2
62 88 67
62 89 48
62 90 2
62 91 97
62 92 78
62 93 13
62 94 0
62 95 78
62 96 45
62 97 71
62 98 19
62 99 55
62 100 33
62 101 45
62 102 47
62 103 97
62 104 0
63 64 91
63 65 20
63 66 41
63 67 17
63 68 52
63 69 95
63 70 61
63 71 19
63 72 0
63 73 45
63 74 7
63 75 44
63 76 96
63 77 14
63 78 35
63 79 87
63 80 23
63 81 81
63 82 48
63 83 31
63 84 60
63 85 40
63 86 65
63 87 4
63 88 45
63 89 21
63 90 89
63 91 32
63 92 84
63 93 78
63 94 22
63 95 18
63 96 84
63 97 69
63 98 13
63 99 84
63 100 14
63 101 35
63 102 17
63 103 80
63 104 26
64 65 0
64 66 65
64 67 8
64 68 93
64 69 99
64 70 76
64 71 85
64 72 75
64 73 45
64 74 98
64 75 46
64 76 27
64 77 55
64 78 95
64 79 7
64 80 92
64 81 61
64 82 71
64 83 70
64 84 25
64 85 15
64 86 30
64 87 87
64 88 97
64 89 0
64 90 83
64 91 36
64 92 1
64 93 9
64 94 3
64 95 47
64 96 66
64 97 41
64 98 66
64 99 84
64 100 35
64 101 70
64 102 14
64 103 67
64 104 63
65 66 4
65 67 79
65 68 36
65 69 67
65 70 16
65 71 41
65 72 47
65 73 33
65 74 9
65 75 98
65 76 27
65 77 82
65 78 15
65 79 42
65 80 4
65 81 82
65 82 90
65 83 31
65 84 83
65 85 71
65 86 63
65 87 90
65 88 64
65 89 95
65 90 62
65 91 90
65 92 60
65 93 14
65 94 37
65 95 16
65 96 95
65 97 35
65 98 84
65 99 66
65 100 91
65 101 78
65 102 68
65 103 91
65 104 93
66 67 53
66 68 10
66 69 42
66 70 29
66 71 95
66 72 77
66 73 19
66 74 94
66 75 31
66 76 30
66 77 87
66 78 18
66 79 68
66 80 65
66 81 67
66 82 34
66 83 41
66 84 13
66 85 24
66 86 5
66 87 79
66 88 54
66 89 37
66 90 1
66 91 63
66 92 27
66 93 75
66 94 30
66 95 96
66 96 84
66 97 78
66 98 83
66 99 0
66 100 34
66 101 42
66 102 79
66 103 41
66 104 74
67 68 35
67 69 94
67 70 10
67 71 66
67 72 32
67 73 57
67 74 24
67 75 27
67 76 13
67 77 17
67 78 62
67 79 64
67 80 31
67 81 23
67 82 66
67 83 90
67 84 66
67 85 99
67 86 65
67 87 81
67 88 80
67 89 39
67 90 3
67 91 38
67 92 9
67 93 39
67 94 43
67 95 99
67 96 18
67 97 43
67 98 73
67 99 14
67 100 95
67 101 30
67 102 45
67 103 47
67 104 24
68 69 84
68 70 65
68 71 37
68 72 50
68 73 11
68 74 90
68 75 96
68 76 46
68 77 79
68 78 55
68 79 72
68 80 80
68 81 41
68 82 25
68 83 60
68 84 51
68 85 14
68 86 23
68 87 16
68 88 83
68 89 55
68 90 73
68 91 94
68 92 12
68 93 16
68 94 33
68 95 1
68 96 29
68 97 49
68 98 92
68 99 46
68 100 37
68 101 3
68 102 50
68 103 29
68 104 51
69 70 83
69 71 42
69 72 64
69 73 63
69 74 34
69 75 33
69 76 85
69 77 43
69 78 53
69 79 89
69 80 45
69 81 13
69 82 80
69 83 26
69 84 83
69 85 71
69 86 74
69 87 31
69 88 34
69 89 3
69 90 47
69 91 39
69 92 40
69 93 25
69 94 24
69 95 60
69 96 89
69 97 52
69 98 50
69 99 51
69 100 8
69 101 4
69 102 78
69 103 70
69 104 90
70 71 59
70 72 52
70 73 12
70 74 18
70 75 57
70 76 90
70 77 56
70 78 34
70 79 73
70 80 68
70 81 34
70 82 63
70 83 94
70 84 18
70 85 56
70 86 4
70 87 91
70 88 62
70 89 14
70 90 96
70 91 37
70 92 23
70 93 74
70 94 42
70 95 69
70 96 23
70 97 74
70 98 42
70 99 69
70 100 77
70 101 59
70 102 82
70 103 90
70 104 83
71 72 87
71 73 75
71 74 34
71 75 9
71 76 18
71 77 77
71 78 24
71 79 78
71 80 66
71 81 98
71 82 24
71 83 73
71 84 4
71 85 24
71 86 3
71 87 16
71 88 29
71 89 64
71 90 63
71 91 67
71 92 67
71 93 3
71 94 66
71 95 77
71 96 78
71 97 54
71 98 22
71 99 50
71 100 94
71 101 60
71 102 81
71 103 72
71 104 9
72 73 42
72 74 68
72 75 76
72 76 27
72 77 5
72 78 89
72 79 56
72 80 83
72 81 71
72 82 16
72 83 64
72 84 90
72 85 1
72 86 90
72 87 43
72 88 32
72 89 65
72 90 44
72 91 92
72 92 75
72 93 61
72 94 8
72 95 52
72 96 16
72 97 38
72 98 18
72 99 46
72 100 63
72 101 39
72 102 30
72 103 94
72 104 28
73 74 92
73 75 5
73 76 57
73 77 35
73 78 41
73 79 95
73 80 64
73 81 82
73 82 54
73 83 16
73 84 23
73 85 59
73 86 33
73 87 50
73 88 80
73 89 36
73 90 75
73 91 90
73 92 64
73 93 78
73 94 45
73 95 27
73 96 52
73 97 69
73 98 83
73 99 25
73 100 24
73 101 63
73 102 29
73 103 41
73 104 88
74 75 16
74 76 39
74 77 11
74 78 52
74 79 76
74 80 82
74 81 14
74 82 91
74 83 24
74 84 41
74 85 41
74 86 0
74 87 18
74 88 8
74 89 99
74 90 31
74 91 37
74 92 61
74 93 59
74 94 81
74 95 8
74 96 82
74 97 7
74 98 70
74 99 69
74 100 33
74 101 72
74 102 13
74 103 66
74 104 97
75 76 81
75 77 70
75 78 12
75 79 69
75 80 24
75 81 21
75 82 11
75 83 70
75 84 46
75 85 20
75 86 97
75 87 69
75 88 76
75 89 33
75 90 45
75 91 78
75 92 11
75 93 72
75 94 41
75 95 84
75 96 67
75 97 77
75 98 54
75 99 17
75 100 90
75 101 74
75 102 24
75 103 43
75 104 25
76 77 66
76 78 75
76 79 96
76 80 2
76 81 35
76 82 8
76 83 44
76 84 33
76 85 88
76 86 86
76 87 14
76 88 44
76 89 88
76 90 83
76 91 12
76 92 37
76 93 69
76 94 16
76 95 76
76 96 28
76 97 77
76 98 22
76 99 44
76 100 7
76 101 62
76 102 38
76 103 77
76 104 32
77 78 45
77 79 18
77 80 46
77 81 6
77 82 3
77 83 84
77 84 31
77 85 83
77 86 68
77 87 90
77 88 63
77 89 98
77 90 13
77 91 51
77 92 84
77 93 36
77 94 22
77 95 9
77 96 14
77 97 94
77 98 77
77 99 69
77 100 74
77 101 36
77 102 3
77 103 53
77 104 52
78 79 40
78 80 62
78 81 67
78 82 99
78 83 10
78 84 70
78 85 73
78 86 81
78 87 83
78 88 57
78 89 98
78 90 45
78 91 69
78 92 82
78 93 49
78 94 88
78 95 54
78 96 8
78 97 91
78 98 81
78 99 58
78 100 19
78 101 67
78 102 6
78 103 3
78 104 12
79 80 54
79 81 75
79 82 46
79 83 66
79 84 14
79 85 22
79 86 92
79 87 27
79 88 59
79 89 92
79 90 66
79 91 5
79 92 51
79 93 56
79 94 57
79 95 5
79 96 18
79 97 70
79 98 84
79 99 30
79 100 4
79 101 77
79 102 29
79 103 23
79 104 60
80 81 89
80 82 68
80 83 97
80 84 19
80 85 25
80 86 77
80 87 18
80 88 78
80 89 55
80 90 50
80 91 41
80 92 47
80 93 42
80 94 0
80 95 66
80 96 32
80 97 91
80 98 34
80 99 70
80 100 56
80 101 76
80 102 1
80 103 41
80 104 6
81 82 61
81 83 56
81 84 48
81 85 13
81 86 77
81 87 3
81 88 60
81 89 94
81 90 57
81 91 60
81 92 67
81 93 24
81 94 68
81 95 32
81 96 92
81 97 41
81 98 92
81 99 31
81 100 35
81 101 78
81 102 41
81 103 65
81 104 10
82 83 90
82 84 86
82 85 18
82 86 56
82 87 52
82 88 14
82 89 99
82 90 49
82 91 61
82 92 29
82 93 10
82 94 46
82 95 25
82 96 30
82 97 54
82 98 44
82 99 63
82 100 56
82 101 72
82 102 45
82 103 54
82 104 47
83 84 54
83 85 43
83 86 41
83 87 39
83 88 35
83 89 65
83 90 72
83 91 20
83 92 76
83 93 56
83 94 10
83 95 57
83 96 76
83 97 42
83 98 94
83 99 78
83 100 1
83 101 82
83 102 58
83 103 79
83 104 47
84 85 1
84 86 19
84 87 73
84 88 79
84 89 40
84 90 89
84 91 89
84 92 16
84 93 25
84 94 15
84 95 96
84 96 22
84 97 56
84 98 82
84 99 67
84 100 96
84 101 86
84 102 26
84 103 79
84 104 64
85 86 88
85 87 64
85 88 20
85 89 70
85 90 50
85 91 74
85 92 14
85 93 54
85 94 63
85 95 70
85 96 67
85 97 89
85 98 36
85 99 61
85 100 55
85 101 38
85 102 60
85 103 77
85 104 84
86 87 69
86 88 49
86 89 55
86 90 37
86 91 79
86 92 48
86 93 74
86 94 79
86 95 80
86 96 65
86 97 82
86 98 65
86 99 19
86 100 72
86 101 19
86 102 95
86 103 39
86 104 73
87 88 49
87 89 75
87 90 47
87 91 85
87 92 23
87 93 90
87 94 4
87 95 28
87 96 50
87 97 94
87 98 65
87 99 3
87 100 99
87 101 58
87 102 47
87 103 75
87 104 18
88 89 30
88 90 62
88 91 90
88 92 35
88 93 80
88 94 24
88 95 71
88 96 53
88 97 82
88 98 39
88 99 17
88 100 41
88 101 9
88 102 40
88 103 48
88 104 43
89 90 58
89 91 82
89 92 14
89 93 3
89 94 14
89 95 80
89 96 81
89 97 13
89 98 65
89 99 67
89 100 5
89 101 44
89 102 77
89 103 80
89 104 29
90 91 0
90 92 79
90 93 98
90 94 4
90 95 92
90 96 56
90 97 25
90 98 74
90 99 4
90 100 33
90 101 4
90 102 16
90 103 95
90 104 25
91 92 82
91 93 81
91 94 29
91 95 9
91 96 97
91 97 95
91 98 7
91 99 18
91 100 30
91 101 58
91 102 72
91 103 89
91 104 41
92 93 46
92 94 50
92 95 88
92 96 70
92 97 79
92 98 8
92 99 13
92 100 24
92 101 58
92 102 75
92 103 11
92 104 90
93 94 5
93 95 20
93 96 26
93 97 54
93 98 74
93 99 25
93 100 17
93 101 93
93 102 69
93 103 60
93 104 81
94 95 13
94 96 14
94 97 88
94 98 98
94 99 66
94 100 58
94 101 49
94 102 23
94 103 48
94 104 84
95 96 92
95 97 51
95 98 82
95 99 26
95 100 82
95 101 22
95 102 53
95 103 17
95 104 1
96 97 99
96 98 62
96 99 74
96 100 59
96 101 6
96 102 29
96 103 86
96 104 76
97 98 95
97 99 12
97 100 64
97 101 5
97 102 11
97 103 31
97 104 99
98 99 49
98 100 25
98 101 10
98 102 72
98 103 11
98 104 76
99 100 15
99 101 18
99 102 25
99 103 39
99 104 44
100 101 33
100 102 95
100 103 59
100 104 67
101 102 43
101 103 93
101 104 39
102 103 74
102 104 69
103 104 56
