430 671
549 44
581 123
379 337
882 532
692 95
417 194
784 584
317 990
744 110
719 179
37 716
608 464
587 584
662 39
174 368
830 64
642 322
958 423
332 725
821 658
661 96
803 13
222 370
644 662
99 452
434 447
636 825
18 61
489 122
310 327
980 405
224 936
603 672
893 420
929 268
382 195
687 799
602 959
35 536
89 627
887 278
100 707
325 434
246 357
856 915
806 689
158 174
759 325
726 322
366 531
840 802
135 880
812 716
68 943
629 62
415 849
146 876
512 508
215 625
930 899
968 641
385 79
126 235
632 100
518 373
121 327
41 767
958 280
198 30
502 573
212 512
329 753
194 639
326 832
381 505
408 121
285 22
352 937
522 526
29 550
907 800
457 816
301 949
115 375
