435 49
646 789
195 94
202 403
933 204
0 618
290 511
226 395
91 426
704 483
655 149
543 174
83 254
721 640
349 261
524 40
845 79
231 970
870 473
54 93
147 986
827 267
463 515
275 176
511 250
310 892
95 189
622 484
619 198
709 73
980 397
713 807
451 492
124 59
571 882
77 68
537 779
774 874
451 878
105 538
462 651
304 832
558 576
451 671
804 15
69 373
753 382
256 23
480 94
718 449
261 958
965 124
93 50
494 643
671 321
203 432
891 351
949 347
957 400
912 730
544 488
425 831
558 869
613 950
476 937
10 899
921 744
485 19
793 646
813 128
121 232
90 257
935 290
53 9
273 880
630 344
220 301
451 860
861 458
625 384
