886 687
652 526
99 779
225 170
559 854
454 845
564 594
667 759
182 869
134 733
616 541
923 592
259 193
386 980
515 241
822 616
614 318
514 654
673 306
173 559
215 111
339 379
420 340
274 519
151 190
568 125
378 280
824 934
659 280
126 960
172 678
675 18
719 71
157 8
823 5
357 482
139 729
504 323
46 997
992 456
152 695
866 279
351 81
450 375
244 84
156 782
800 195
38 599
428 288
488 672
810 44
617 397
954 698
416 754
148 807
44 948
165 939
442 101
133 371
445 435
219 378
436 358
14 597
571 326
205 773
975 265
727 412
442 609
878 783
64 989
139 507
343 381
596 159
911 123
188 865
926 727
812 950
787 878
561 774
15 122
403 91
626 180
182 524
805 388
635 989
158 629
636 708
184 369
13 85
198 842
