0 1 1
0 2 87
0 3 71
0 4 50
0 5 71
0 6 59
0 7 83
0 8 41
0 9 13
0 10 12
0 11 76
0 12 43
0 13 24
0 14 70
0 15 9
0 16 8
0 17 75
0 18 35
0 19 22
0 20 91
0 21 61
0 22 90
0 23 76
0 24 45
0 25 29
0 26 66
0 27 34
0 28 60
0 29 70
0 30 92
0 31 17
0 32 13
0 33 98
0 34 75
0 35 40
0 36 30
0 37 93
0 38 28
0 39 11
0 40 48
0 41 81
0 42 25
0 43 36
0 44 6
0 45 16
0 46 72
0 47 79
0 48 54
0 49 38
0 50 26
0 51 76
0 52 28
0 53 29
0 54 5
0 55 93
0 56 33
0 57 90
0 58 80
0 59 52
0 60 8
0 61 77
0 62 72
0 63 35
0 64 30
1 2 29
1 3 75
1 4 68
1 5 83
1 6 81
1 7 0
1 8 38
1 9 51
1 10 20
1 11 20
1 12 59
1 13 51
1 14 3
1 15 30
1 16 57
1 17 42
1 18 62
1 19 15
1 20 40
1 21 26
1 22 39
1 23 32
1 24 93
1 25 31
1 26 50
1 27 17
1 28 34
1 29 30
1 30 52
1 31 41
1 32 71
1 33 77
1 34 11
1 35 94
1 36 92
1 37 55
1 38 23
1 39 84
1 40 2
1 41 22
1 42 57
1 43 86
1 44 50
1 45 32
1 46 33
1 47 44
1 48 31
1 49 52
1 50 36
1 51 71
1 52 49
1 53 17
1 54 93
1 55 5
1 56 84
1 57 73
1 58 60
1 59 31
1 60 39
1 61 62
1 62 16
1 63 66
1 64 96
2 3 3
2 4 50
2 5 90
2 6 61
2 7 69
2 8 14
2 9 13
2 10 51
2 11 74
2 12 38
2 13 14
2 14 71
2 15 30
2 16 18
2 17 13
2 18 92
2 19 74
2 20 97
2 21 12
2 22 41
2 23 7
2 24 79
2 25 70
2 26 12
2 27 11
2 28 47
2 29 37
2 30 4
2 31 69
2 32 91
2 33 90
2 34 15
2 35 81
2 36 63
2 37 84
2 38 48
2 39 83
2 40 99
2 41 94
2 42 73
2 43 37
2 44 69
2 45 31
2 46 15
2 47 73
2 48 91
2 49 41
2 50 69
2 51 57
2 52 75
2 53 29
2 54 98
2 55 26
2 56 63
2 57 56
2 58 29
2 59 18
2 60 37
2 61 31
2 62 79
2 63 54
2 64 20
3 4 21
3 5 91
3 6 10
3 7 27
3 8 15
3 9 30
3 10 52
3 11 52
3 12 75
3 13 17
3 14 85
3 15 0
3 16 16
3 17 87
3 18 98
3 19 72
3 20 97
3 21 21
3 22 76
3 23 39
3 24 69
3 25 37
3 26 7
3 27 18
3 28 77
3 29 39
3 30 31
3 31 63
3 32 49
3 33 63
3 34 62
3 35 65
3 36 53
3 37 45
3 38 83
3 39 48
3 40 21
3 41 23
3 42 62
3 43 35
3 44 3
3 45 86
3 46 31
3 47 25
3 48 11
3 49 41
3 50 99
3 51 43
3 52 78
3 53 18
3 54 27
3 55 75
3 56 4
3 57 26
3 58 42
3 59 56
3 60 57
3 61 89
3 62 59
3 63 41
3 64 92
4 5 93
4 6 31
4 7 20
4 8 25
4 9 65
4 10 22
4 11 29
4 12 87
4 13 87
4 14 54
4 15 6
4 16 9
4 17 45
4 18 52
4 19 78
4 20 83
4 21 58
4 22 32
4 23 7
4 24 97
4 25 11
4 26 1
4 27 92
4 28 59
4 29 7
4 30 61
4 31 38
4 32 40
4 33 42
4 34 2
4 35 31
4 36 54
4 37 59
4 38 29
4 39 99
4 40 10
4 41 60
4 42 87
4 43 33
4 44 67
4 45 86
4 46 57
4 47 58
4 48 70
4 49 96
4 50 70
4 51 66
4 52 94
4 53 79
4 54 50
4 55 81
4 56 58
4 57 42
4 58 29
4 59 88
4 60 1
4 61 56
4 62 0
4 63 92
4 64 19
5 6 3
5 7 8
5 8 0
5 9 35
5 10 33
5 11 21
5 12 47
5 13 59
5 14 97
5 15 3
5 16 28
5 17 50
5 18 40
5 19 64
5 20 85
5 21 9
5 22 48
5 23 54
5 24 67
5 25 13
5 26 60
5 27 76
5 28 82
5 29 32
5 30 87
5 31 87
5 32 23
5 33 87
5 34 54
5 35 62
5 36 52
5 37 15
5 38 44
5 39 12
5 40 8
5 41 5
5 42 48
5 43 69
5 44 22
5 45 29
5 46 34
5 47 62
5 48 56
5 49 83
5 50 86
5 51 39
5 52 57
5 53 4
5 54 90
5 55 91
5 56 25
5 57 43
5 58 11
5 59 53
5 60 50
5 61 82
5 62 53
5 63 95
5 64 92
6 7 75
6 8 68
6 9 78
6 10 64
6 11 82
6 12 9
6 13 82
6 14 34
6 15 53
6 16 11
6 17 80
6 18 0
6 19 76
6 20 45
6 21 95
6 22 50
6 23 94
6 24 37
6 25 50
6 26 39
6 27 15
6 28 98
6 29 29
6 30 97
6 31 50
6 32 26
6 33 4
6 34 94
6 35 3
6 36 91
6 37 18
6 38 45
6 39 23
6 40 53
6 41 11
6 42 89
6 43 65
6 44 14
6 45 75
6 46 98
6 47 53
6 48 41
6 49 31
6 50 26
6 51 33
6 52 93
6 53 6
6 54 52
6 55 93
6 56 51
6 57 9
6 58 40
6 59 52
6 60 97
6 61 70
6 62 64
6 63 41
6 64 98
7 8 21
7 9 3
7 10 86
7 11 59
7 12 37
7 13 96
7 14 62
7 15 67
7 16 69
7 17 95
7 18 73
7 19 11
7 20 69
7 21 35
7 22 5
7 23 30
7 24 71
7 25 71
7 26 90
7 27 74
7 28 50
7 29 18
7 30 44
7 31 38
7 32 31
7 33 45
7 34 58
7 35 76
7 36 95
7 37 41
7 38 95
7 39 98
7 40 92
7 41 82
7 42 99
7 43 86
7 44 56
7 45 32
7 46 96
7 47 63
7 48 91
7 49 92
7 50 91
7 51 82
7 52 17
7 53 42
7 54 80
7 55 29
7 56 42
7 57 92
7 58 78
7 59 59
7 60 26
7 61 33
7 62 17
7 63 20
7 64 19
8 9 93
8 10 4
8 11 85
8 12 81
8 13 67
8 14 16
8 15 97
8 16 82
8 17 79
8 18 61
8 19 51
8 20 42
8 21 51
8 22 94
8 23 79
8 24 35
8 25 10
8 26 2
8 27 62
8 28 43
8 29 10
8 30 3
8 31 41
8 32 81
8 33 20
8 34 71
8 35 65
8 36 98
8 37 3
8 38 62
8 39 39
8 40 57
8 41 94
8 42 28
8 43 48
8 44 31
8 45 33
8 46 60
8 47 60
8 48 76
8 49 35
8 50 91
8 51 65
8 52 28
8 53 80
8 54 40
8 55 88
8 56 58
8 57 0
8 58 32
8 59 64
8 60 3
8 61 60
8 62 85
8 63 77
8 64 1
9 10 36
9 11 89
9 12 16
9 13 98
9 14 60
9 15 61
9 16 35
9 17 5
9 18 42
9 19 1
9 20 96
9 21 68
9 22 60
9 23 31
9 24 39
9 25 54
9 26 79
9 27 66
9 28 92
9 29 98
9 30 44
9 31 17
9 32 38
9 33 48
9 34 70
9 35 96
9 36 37
9 37 0
9 38 70
9 39 54
9 40 50
9 41 73
9 42 83
9 43 94
9 44 34
9 45 99
9 46 37
9 47 77
9 48 73
9 49 59
9 50 40
9 51 29
9 52 98
9 53 49
9 54 7
9 55 30
9 56 14
9 57 18
9 58 19
9 59 48
9 60 78
9 61 47
9 62 60
9 63 54
9 64 19
10 11 97
10 12 39
10 13 69
10 14 18
10 15 85
10 16 90
10 17 81
10 18 36
10 19 94
10 20 6
10 21 76
10 22 4
10 23 59
10 24 76
10 25 99
10 26 2
10 27 36
10 28 22
10 29 81
10 30 32
10 31 33
10 32 83
10 33 32
10 34 91
10 35 76
10 36 20
10 37 58
10 38 29
10 39 93
10 40 20
10 41 74
10 42 67
10 43 94
10 44 21
10 45 68
10 46 84
10 47 59
10 48 81
10 49 60
10 50 70
10 51 69
10 52 24
10 53 0
10 54 6
10 55 74
10 56 23
10 57 28
10 58 56
10 59 57
10 60 25
10 61 3
10 62 73
10 63 64
10 64 57
11 12 65
11 13 25
11 14 15
11 15 37
11 16 92
11 17 98
11 18 96
11 19 14
11 20 44
11 21 91
11 22 11
11 23 62
11 24 48
11 25 27
11 26 62
11 27 14
11 28 2
11 29 43
11 30 82
11 31 88
11 32 78
11 33 27
11 34 21
11 35 54
11 36 20
11 37 41
11 38 94
11 39 16
11 40 33
11 41 44
11 42 59
11 43 13
11 44 66
11 45 21
11 46 52
11 47 18
11 48 14
11 49 67
11 50 83
11 51 83
11 52 41
11 53 18
11 54 93
11 55 48
11 56 20
11 57 27
11 58 75
11 59 17
11 60 17
11 61 84
11 62 31
11 63 77
11 64 5
12 13 91
12 14 29
12 15 79
12 16 3
12 17 9
12 18 64
12 19 91
12 20 27
12 21 65
12 22 32
12 23 84
12 24 63
12 25 21
12 26 9
12 27 71
12 28 87
12 29 26
12 30 6
12 31 84
12 32 60
12 33 18
12 34 31
12 35 83
12 36 84
12 37 92
12 38 11
12 39 37
12 40 50
12 41 49
12 42 14
12 43 39
12 44 94
12 45 92
12 46 4
12 47 67
12 48 57
12 49 68
12 50 87
12 51 14
12 52 78
12 53 2
12 54 95
12 55 62
12 56 59
12 57 10
12 58 96
12 59 21
12 60 33
12 61 29
12 62 19
12 63 61
12 64 53
13 14 42
13 15 54
13 16 88
13 17 68
13 18 57
13 19 6
13 20 17
13 21 14
13 22 36
13 23 3
13 24 52
13 25 69
13 26 87
13 27 57
13 28 82
13 29 17
13 30 70
13 31 15
13 32 66
13 33 28
13 34 85
13 35 2
13 36 19
13 37 70
13 38 79
13 39 82
13 40 58
13 41 98
13 42 22
13 43 3
13 44 13
13 45 32
13 46 4
13 47 36
13 48 29
13 49 93
13 50 46
13 51 30
13 52 18
13 53 81
13 54 15
13 55 98
13 56 97
13 57 65
13 58 66
13 59 59
13 60 45
13 61 68
13 62 11
13 63 86
13 64 30
14 15 45
14 16 67
14 17 64
14 18 41
14 19 16
14 20 45
14 21 46
14 22 71
14 23 84
14 24 39
14 25 29
14 26 88
14 27 37
14 28 95
14 29 30
14 30 98
14 31 46
14 32 9
14 33 16
14 34 16
14 35 88
14 36 2
14 37 20
14 38 14
14 39 44
14 40 49
14 41 79
14 42 26
14 43 98
14 44 36
14 45 60
14 46 68
14 47 58
14 48 82
14 49 41
14 50 74
14 51 76
14 52 74
14 53 2
14 54 98
14 55 29
14 56 84
14 57 19
14 58 51
14 59 92
14 60 27
14 61 43
14 62 86
14 63 8
14 64 98
15 16 97
15 17 53
15 18 31
15 19 64
15 20 14
15 21 15
15 22 1
15 23 4
15 24 23
15 25 13
15 26 36
15 27 79
15 28 44
15 29 53
15 30 71
15 31 80
15 32 94
15 33 19
15 34 19
15 35 38
15 36 56
15 37 19
15 38 98
15 39 57
15 40 29
15 41 90
15 42 92
15 43 93
15 44 55
15 45 93
15 46 70
15 47 79
15 48 84
15 49 11
15 50 21
15 51 87
15 52 32
15 53 87
15 54 38
15 55 68
15 56 45
15 57 49
15 58 10
15 59 1
15 60 47
15 61 82
15 62 88
15 63 96
15 64 79
16 17 0
16 18 81
16 19 29
16 20 64
16 21 76
16 22 68
16 23 68
16 24 94
16 25 22
16 26 89
16 27 80
16 28 45
16 29 76
16 30 91
16 31 5
16 32 12
16 33 39
16 34 53
16 35 14
16 36 77
16 37 1
16 38 37
16 39 10
16 40 72
16 41 37
16 42 45
16 43 2
16 44 36
16 45 85
16 46 69
16 47 37
16 48 78
16 49 47
16 50 87
16 51 50
16 52 25
16 53 25
16 54 60
16 55 31
16 56 16
16 57 52
16 58 18
16 59 54
16 60 70
16 61 67
16 62 98
16 63 3
16 64 2
17 18 35
17 19 54
17 20 27
17 21 84
17 22 15
17 23 62
17 24 90
17 25 54
17 26 30
17 27 44
17 28 48
17 29 64
17 30 39
17 31 11
17 32 95
17 33 34
17 34 73
17 35 6
17 36 66
17 37 37
17 38 5
17 39 91
17 40 5
17 41 68
17 42 67
17 43 16
17 44 50
17 45 54
17 46 43
17 47 2
17 48 51
17 49 91
17 50 41
17 51 30
17 52 27
17 53 74
17 54 23
17 55 78
17 56 36
17 57 74
17 58 26
17 59 86
17 60 52
17 61 36
17 62 34
17 63 87
17 64 68
18 19 10
18 20 26
18 21 87
18 22 24
18 23 28
18 24 50
18 25 62
18 26 75
18 27 78
18 28 48
18 29 31
18 30 84
18 31 59
18 32 68
18 33 50
18 34 56
18 35 50
18 36 50
18 37 4
18 38 15
18 39 69
18 40 21
18 41 78
18 42 40
18 43 84
18 44 44
18 45 23
18 46 53
18 47 60
18 48 10
18 49 78
18 50 84
18 51 63
18 52 12
18 53 18
18 54 93
18 55 29
18 56 63
18 57 1
18 58 78
18 59 16
18 60 87
18 61 92
18 62 56
18 63 34
18 64 2
19 20 56
19 21 27
19 22 27
19 23 79
19 24 85
19 25 87
19 26 2
19 27 97
19 28 68
19 29 89
19 30 14
19 31 47
19 32 86
19 33 17
19 34 12
19 35 20
19 36 49
19 37 95
19 38 82
19 39 84
19 40 64
19 41 22
19 42 84
19 43 14
19 44 15
19 45 3
19 46 47
19 47 39
19 48 14
19 49 37
19 50 42
19 51 45
19 52 53
19 53 59
19 54 48
19 55 40
19 56 46
19 57 45
19 58 5
19 59 24
19 60 60
19 61 19
19 62 90
19 63 93
19 64 84
20 21 76
20 22 61
20 23 5
20 24 7
20 25 85
20 26 52
20 27 38
20 28 95
20 29 23
20 30 98
20 31 78
20 32 68
20 33 48
20 34 96
20 35 46
20 36 66
20 37 60
20 38 87
20 39 88
20 40 46
20 41 50
20 42 71
20 43 63
20 44 25
20 45 77
20 46 38
20 47 32
20 48 99
20 49 87
20 50 95
20 51 70
20 52 8
20 53 30
20 54 16
20 55 89
20 56 41
20 57 99
20 58 15
20 59 32
20 60 5
20 61 25
20 62 44
20 63 46
20 64 54
21 22 16
21 23 90
21 24 72
21 25 14
21 26 63
21 27 61
21 28 9
21 29 54
21 30 31
21 31 74
21 32 7
21 33 46
21 34 17
21 35 85
21 36 84
21 37 66
21 38 57
21 39 7
21 40 29
21 41 76
21 42 19
21 43 28
21 44 17
21 45 59
21 46 1
21 47 66
21 48 38
21 49 52
21 50 81
21 51 11
21 52 17
21 53 3
21 54 91
21 55 35
21 56 68
21 57 11
21 58 97
21 59 48
21 60 75
21 61 22
21 62 13
21 63 13
21 64 41
22 23 77
22 24 44
22 25 90
22 26 44
22 27 98
22 28 38
22 29 23
22 30 42
22 31 71
22 32 2
22 33 91
22 34 71
22 35 62
22 36 63
22 37 92
22 38 56
22 39 68
22 40 63
22 41 1
22 42 14
22 43 91
22 44 55
22 45 70
22 46 20
22 47 95
22 48 46
22 49 36
22 50 34
22 51 66
22 52 90
22 53 78
22 54 85
22 55 47
22 56 99
22 57 98
22 58 8
22 59 80
22 60 94
22 61 29
22 62 32
22 63 58
22 64 54
23 24 40
23 25 39
23 26 7
23 27 98
23 28 72
23 29 45
23 30 46
23 31 21
23 32 31
23 33 42
23 34 86
23 35 9
23 36 40
23 37 91
23 38 68
23 39 98
23 40 92
23 41 64
23 42 92
23 43 42
23 44 22
23 45 66
23 46 7
23 47 40
23 48 61
23 49 71
23 50 2
23 51 55
23 52 99
23 53 33
23 54 40
23 55 50
23 56 82
23 57 53
23 58 54
23 59 51
23 60 15
23 61 40
23 62 44
23 63 78
23 64 68
24 25 54
24 26 3
24 27 82
24 28 80
24 29 14
24 30 97
24 31 88
24 32 28
24 33 89
24 34 23
24 35 32
24 36 96
24 37 56
24 38 11
24 39 27
24 40 27
24 41 43
24 42 13
24 43 91
24 44 9
24 45 45
24 46 97
24 47 95
24 48 98
24 49 22
24 50 13
24 51 60
24 52 77
24 53 58
24 54 72
24 55 22
24 56 64
24 57 62
24 58 77
24 59 29
24 60 37
24 61 78
24 62 9
24 63 83
24 64 2
25 26 0
25 27 73
25 28 96
25 29 57
25 30 62
25 31 86
25 32 7
25 33 56
25 34 99
25 35 65
25 36 21
25 37 81
25 38 79
25 39 7
25 40 18
25 41 82
25 42 78
25 43 91
25 44 80
25 45 19
25 46 50
25 47 12
25 48 47
25 49 45
25 50 99
25 51 56
25 52 12
25 53 99
25 54 56
25 55 25
25 56 1
25 57 73
25 58 46
25 59 87
25 60 78
25 61 70
25 62 67
25 63 60
25 64 51
26 27 77
26 28 3
26 29 71
26 30 83
26 31 19
26 32 13
26 33 47
26 34 49
26 35 46
26 36 48
26 37 50
26 38 69
26 39 5
26 40 76
26 41 90
26 42 52
26 43 22
26 44 45
26 45 24
26 46 75
26 47 54
26 48 71
26 49 40
26 50 75
26 51 76
26 52 80
26 53 7
26 54 59
26 55 80
26 56 44
26 57 56
26 58 86
26 59 40
26 60 48
26 61 33
26 62 45
26 63 70
26 64 89
27 28 31
27 29 79
27 30 23
27 31 94
27 32 52
27 33 72
27 34 80
27 35 83
27 36 51
27 37 99
27 38 20
27 39 6
27 40 24
27 41 93
27 42 1
27 43 98
27 44 78
27 45 93
27 46 30
27 47 41
27 48 19
27 49 33
27 50 12
27 51 71
27 52 90
27 53 4
27 54 73
27 55 19
27 56 68
27 57 2
27 58 19
27 59 58
27 60 84
27 61 8
27 62 44
27 63 81
27 64 4
28 29 6
28 30 73
28 31 36
28 32 57
28 33 47
28 34 17
28 35 64
28 36 74
28 37 44
28 38 21
28 39 80
28 40 40
28 41 8
28 42 86
28 43 6
28 44 88
28 45 43
28 46 44
28 47 10
28 48 38
28 49 17
28 50 48
28 51 4
28 52 69
28 53 65
28 54 46
28 55 35
28 56 9
28 57 28
28 58 12
28 59 69
28 60 46
28 61 49
28 62 67
28 63 40
28 64 17
29 30 28
29 31 11
29 32 26
29 33 36
29 34 1
29 35 25
29 36 18
29 37 73
29 38 4
29 39 35
29 40 46
29 41 47
29 42 75
29 43 55
29 44 17
29 45 63
29 46 67
29 47 96
29 48 42
29 49 34
29 50 92
29 51 76
29 52 64
29 53 54
29 54 66
29 55 9
29 56 7
29 57 46
29 58 3
29 59 66
29 60 83
29 61 11
29 62 0
29 63 99
29 64 84
30 31 94
30 32 69
30 33 3
30 34 73
30 35 82
30 36 23
30 37 46
30 38 88
30 39 20
30 40 73
30 41 67
30 42 71
30 43 15
30 44 58
30 45 41
30 46 2
30 47 56
30 48 62
30 49 14
30 50 90
30 51 57
30 52 75
30 53 4
30 54 96
30 55 47
30 56 32
30 57 34
30 58 1
30 59 98
30 60 62
30 61 83
30 62 10
30 63 1
30 64 69
31 32 18
31 33 12
31 34 43
31 35 92
31 36 59
31 37 20
31 38 3
31 39 57
31 40 32
31 41 30
31 42 32
31 43 78
31 44 42
31 45 96
31 46 64
31 47 13
31 48 96
31 49 39
31 50 89
31 51 17
31 52 55
31 53 22
31 54 88
31 55 0
31 56 18
31 57 92
31 58 61
31 59 89
31 60 45
31 61 80
31 62 7
31 63 15
31 64 50
32 33 35
32 34 71
32 35 56
32 36 59
32 37 78
32 38 77
32 39 63
32 40 7
32 41 5
32 42 75
32 43 94
32 44 58
32 45 91
32 46 22
32 47 75
32 48 95
32 49 65
32 50 6
32 51 3
32 52 66
32 53 88
32 54 46
32 55 83
32 56 75
32 57 47
32 58 11
32 59 22
32 60 70
32 61 81
32 62 98
32 63 29
32 64 50
33 34 8
33 35 82
33 36 56
33 37 42
33 38 34
33 39 30
33 40 51
33 41 22
33 42 34
33 43 96
33 44 41
33 45 24
33 46 67
33 47 7
33 48 98
33 49 79
33 50 18
33 51 8
33 52 80
33 53 66
33 54 43
33 55 98
33 56 95
33 57 4
33 58 87
33 59 14
33 60 62
33 61 89
33 62 25
33 63 52
33 64 95
34 35 79
34 36 70
34 37 16
34 38 70
34 39 31
34 40 95
34 41 80
34 42 75
34 43 77
34 44 99
34 45 82
34 46 36
34 47 16
34 48 85
34 49 50
34 50 99
34 51 53
34 52 12
34 53 86
34 54 27
34 55 99
34 56 78
34 57 29
34 58 77
34 59 19
34 60 3
34 61 51
34 62 89
34 63 78
34 64 86
35 36 85
35 37 48
35 38 24
35 39 51
35 40 83
35 41 90
35 42 52
35 43 11
35 44 60
35 45 45
35 46 53
35 47 18
35 48 62
35 49 95
35 50 20
35 51 9
35 52 46
35 53 57
35 54 61
35 55 97
35 56 95
35 57 30
35 58 21
35 59 1
35 60 12
35 61 87
35 62 9
35 63 91
35 64 7
36 37 57
36 38 77
36 39 49
36 40 62
36 41 42
36 42 64
36 43 1
36 44 57
36 45 65
36 46 4
36 47 68
36 48 18
36 49 24
36 50 49
36 51 47
36 52 43
36 53 41
36 54 31
36 55 15
36 56 35
36 57 61
36 58 16
36 59 41
36 60 17
36 61 44
36 62 79
36 63 67
36 64 61
37 38 43
37 39 15
37 40 49
37 41 73
37 42 59
37 43 64
37 44 59
37 45 74
37 46 24
37 47 33
37 48 10
37 49 71
37 50 76
37 51 62
37 52 50
37 53 59
37 54 49
37 55 46
37 56 96
37 57 44
37 58 13
37 59 92
37 60 33
37 61 23
37 62 33
37 63 12
37 64 64
38 39 91
38 40 52
38 41 29
38 42 7
38 43 92
38 44 14
38 45 71
38 46 39
38 47 19
38 48 73
38 49 84
38 50 19
38 51 67
38 52 99
38 53 31
38 54 95
38 55 50
38 56 90
38 57 6
38 58 2
38 59 3
38 60 64
38 61 95
38 62 63
38 63 40
38 64 69
39 40 14
39 41 7
39 42 80
39 43 62
39 44 91
39 45 33
39 46 65
39 47 7
39 48 91
39 49 95
39 50 75
39 51 33
39 52 52
39 53 96
39 54 35
39 55 29
39 56 75
39 57 99
39 58 86
39 59 99
39 60 31
39 61 87
39 62 61
39 63 66
39 64 39
40 41 64
40 42 23
40 43 42
40 44 28
40 45 43
40 46 54
40 47 96
40 48 64
40 49 12
40 50 92
40 51 11
40 52 47
40 53 66
40 54 74
40 55 38
40 56 49
40 57 50
40 58 78
40 59 2
40 60 81
40 61 26
40 62 19
40 63 73
40 64 38
41 42 80
41 43 87
41 44 66
41 45 24
41 46 63
41 47 38
41 48 44
41 49 43
41 50 89
41 51 79
41 52 32
41 53 57
41 54 87
41 55 83
41 56 32
41 57 49
41 58 94
41 59 91
41 60 95
41 61 17
41 62 4
41 63 48
41 64 65
42 43 62
42 44 67
42 45 34
42 46 16
42 47 1
42 48 44
42 49 63
42 50 90
42 51 78
42 52 42
42 53 89
42 54 26
42 55 81
42 56 32
42 57 54
42 58 18
42 59 83
42 60 24
42 61 97
42 62 25
42 63 7
42 64 99
43 44 95
43 45 33
43 46 18
43 47 16
43 48 6
43 49 67
43 50 22
43 51 54
43 52 63
43 53 22
43 54 69
43 55 45
43 56 7
43 57 39
43 58 54
43 59 95
43 60 68
43 61 29
43 62 14
43 63 88
43 64 15
44 45 53
44 46 31
44 47 57
44 48 54
44 49 73
44 50 54
44 51 76
44 52 78
44 53 4
44 54 12
44 55 53
44 56 14
44 57 99
44 58 28
44 59 75
44 60 79
44 61 79
44 62 91
44 63 15
44 64 27
45 46 60
45 47 63
45 48 42
45 49 52
45 50 93
45 51 44
45 52 53
45 53 51
45 54 1
45 55 85
45 56 14
45 57 55
45 58 16
45 59 38
45 60 1
45 61 76
45 62 75
45 63 35
45 64 76
46 47 48
46 48 98
46 49 25
46 50 19
46 51 88
46 52 10
46 53 39
46 54 5
46 55 26
46 56 65
46 57 42
46 58 1
46 59 33
46 60 82
46 61 28
46 62 51
46 63 88
46 64 9
47 48 34
47 49 9
47 50 25
47 51 76
47 52 99
47 53 33
47 54 65
47 55 80
47 56 69
47 57 32
47 58 45
47 59 13
47 60 39
47 61 51
47 62 26
47 63 46
47 64 51
48 49 74
48 50 51
48 51 8
48 52 33
48 53 19
48 54 64
48 55 34
48 56 99
48 57 0
48 58 32
48 59 92
48 60 12
48 61 95
48 62 90
48 63 13
48 64 78
49 50 94
49 51 40
49 52 90
49 53 41
49 54 99
49 55 50
49 56 97
49 57 15
49 58 15
49 59 93
49 60 94
49 61 45
49 62 77
49 63 69
49 64 88
50 51 19
50 52 54
50 53 87
50 54 82
50 55 8
50 56 81
50 57 27
50 58 50
50 59 30
50 60 43
50 61 35
50 62 1
50 63 30
50 64 15
51 52 37
51 53 67
51 54 7
51 55 41
51 56 78
51 57 71
51 58 44
51 59 24
51 60 4
51 61 26
51 62 10
51 63 10
51 64 34
52 53 14
52 54 38
52 55 3
52 56 39
52 57 41
52 58 14
52 59 76
52 60 26
52 61 38
52 62 95
52 63 50
52 64 74
53 54 6
53 55 22
53 56 1
53 57 99
53 58 77
53 59 99
53 60 91
53 61 12
53 62 95
53 63 75
53 64 83
54 55 59
54 56 92
54 57 32
54 58 13
54 59 61
54 60 17
54 61 21
54 62 0
54 63 94
54 64 60
55 56 86
55 57 14
55 58 97
55 59 59
55 60 13
55 61 7
55 62 37
55 63 51
55 64 7
56 57 49
56 58 82
56 59 93
56 60 65
56 61 18
56 62 60
56 63 80
56 64 25
57 58 10
57 59 44
57 60 19
57 61 47
57 62 67
57 63 18
57 64 4
58 59 13
58 60 65
58 61 49
58 62 82
58 63 87
58 64 23
59 60 38
59 61 40
59 62 96
59 63 45
59 64 68
60 61 70
60 62 59
60 63 76
60 64 66
61 62 1
61 63 23
61 64 57
62 63 75
62 64 32
63 64 1
