706 30
733 456
953 151
884 614
281 116
742 366
43 474
388 293
342 434
972 66
578 539
355 685
505 106
286 532
389 198
281 986
318 888
508 203
632 414
614 950
529 970
241 406
900 394
666 198
778 693
373 344
760 843
852 100
594 412
262 248
422 231
988 551
606 78
202 766
969 903
33 485
326 522
22 717
409 505
772 883
542 802
270 184
979 49
477 735
454 438
900 877
467 845
893 783
425 465
103 934
950 677
724 110
726 451
725 182
153 697
0 817
17 307
753 859
340 213
618 527
468 263
425 929
405 522
100 632
452 729
640 33
872 955
769 223
937 229
479 322
111 577
37 469
124 510
911 75
666 749
576 221
91 46
672 375
913 978
169 338
18 707
401 60
966 721
682 486
769 397
455 255
487 214
815 777
858 50
931 273
929 653
835 866
977 244
49 667
423 667
942 670
615 227
238 74
832 199
407 303
270 886
64 460
620 819
822 338
293 78
115 596
672 191
219 301
915 247
543 154
677 695
476 450
722 547
795 652
618 462
