0 1 76
0 2 70
0 3 45
0 4 80
0 5 69
0 6 83
0 7 84
0 8 6
0 9 1
0 10 53
0 11 67
0 12 60
0 13 69
0 14 66
0 15 14
0 16 66
0 17 67
0 18 10
0 19 91
0 20 41
0 21 1
0 22 23
0 23 25
0 24 21
0 25 35
0 26 2
0 27 50
0 28 6
0 29 69
0 30 37
0 31 77
0 32 75
0 33 48
0 34 82
0 35 86
0 36 31
0 37 70
0 38 28
0 39 8
0 40 47
0 41 89
0 42 8
0 43 48
0 44 95
0 45 27
0 46 10
0 47 86
0 48 40
0 49 5
0 50 89
0 51 46
0 52 98
0 53 80
0 54 93
0 55 66
0 56 29
0 57 89
0 58 97
0 59 61
0 60 88
0 61 97
0 62 30
0 63 26
0 64 27
0 65 80
0 66 39
0 67 22
0 68 4
0 69 85
0 70 11
0 71 56
0 72 0
0 73 25
0 74 60
0 75 96
0 76 63
0 77 14
0 78 0
0 79 31
0 80 31
0 81 71
0 82 5
0 83 99
0 84 44
0 85 54
0 86 45
0 87 53
0 88 8
0 89 96
1 2 63
1 3 72
1 4 5
1 5 94
1 6 55
1 7 92
1 8 38
1 9 51
1 10 96
1 11 44
1 12 85
1 13 21
1 14 39
1 15 73
1 16 19
1 17 65
1 18 3
1 19 88
1 20 46
1 21 55
1 22 75
1 23 35
1 24 44
1 25 18
1 26 45
1 27 40
1 28 95
1 29 35
1 30 91
1 31 9
1 32 15
1 33 80
1 34 66
1 35 22
1 36 34
1 37 58
1 38 32
1 39 11
1 40 62
1 41 6
1 42 44
1 43 25
1 44 26
1 45 6
1 46 4
1 47 98
1 48 91
1 49 56
1 50 56
1 51 27
1 52 18
1 53 44
1 54 28
1 55 24
1 56 93
1 57 99
1 58 41
1 59 54
1 60 64
1 61 56
1 62 69
1 63 52
1 64 65
1 65 4
1 66 33
1 67 97
1 68 45
1 69 13
1 70 33
1 71 52
1 72 66
1 73 91
1 74 88
1 75 65
1 76 23
1 77 76
1 78 7
1 79 61
1 80 61
1 81 46
1 82 39
1 83 51
1 84 76
1 85 97
1 86 99
1 87 22
1 88 36
1 89 46
2 3 99
2 4 12
2 5 31
2 6 43
2 7 37
2 8 1
2 9 33
2 10 55
2 11 11
2 12 84
2 13 60
2 14 74
2 15 22
2 16 13
2 17 3
2 18 93
2 19 88
2 20 23
2 21 12
2 22 37
2 23 68
2 24 56
2 25 45
2 26 63
2 27 11
2 28 45
2 29 3
2 30 61
2 31 99
2 32 26
2 33 30
2 34 13
2 35 12
2 36 37
2 37 90
2 38 51
2 39 36
2 40 54
2 41 82
2 42 67
2 43 18
2 44 59
2 45 91
2 46 90
2 47 3
2 48 25
2 49 77
2 50 55
2 51 55
2 52 89
2 53 76
2 54 9
2 55 51
2 56 4
2 57 10
2 58 41
2 59 0
2 60 38
2 61 84
2 62 1
2 63 89
2 64 14
2 65 61
2 66 85
2 67 51
2 68 74
2 69 28
2 70 31
2 71 2
2 72 63
2 73 74
2 74 62
2 75 71
2 76 19
2 77 6
2 78 82
2 79 90
2 80 55
2 81 99
2 82 50
2 83 77
2 84 68
2 85 96
2 86 90
2 87 81
2 88 47
2 89 35
3 4 82
3 5 12
3 6 21
3 7 16
3 8 91
3 9 83
3 10 87
3 11 57
3 12 61
3 13 28
3 14 62
3 15 40
3 16 27
3 17 38
3 18 36
3 19 11
3 20 44
3 21 63
3 22 16
3 23 62
3 24 78
3 25 24
3 26 85
3 27 45
3 28 35
3 29 51
3 30 99
3 31 14
3 32 59
3 33 53
3 34 4
3 35 27
3 36 67
3 37 83
3 38 36
3 39 49
3 40 52
3 41 14
3 42 74
3 43 97
3 44 12
3 45 50
3 46 73
3 47 0
3 48 1
3 49 0
3 50 48
3 51 55
3 52 18
3 53 84
3 54 40
3 55 89
3 56 45
3 57 55
3 58 54
3 59 2
3 60 67
3 61 54
3 62 34
3 63 4
3 64 97
3 65 37
3 66 59
3 67 95
3 68 33
3 69 45
3 70 74
3 71 66
3 72 96
3 73 57
3 74 44
3 75 58
3 76 34
3 77 71
3 78 36
3 79 23
3 80 42
3 81 19
3 82 16
3 83 0
3 84 80
3 85 0
3 86 61
3 87 22
3 88 84
3 89 2
4 5 60
4 6 88
4 7 98
4 8 61
4 9 27
4 10 40
4 11 29
4 12 16
4 13 60
4 14 60
4 15 45
4 16 58
4 17 5
4 18 75
4 19 93
4 20 86
4 21 9
4 22 21
4 23 61
4 24 63
4 25 10
4 26 90
4 27 61
4 28 23
4 29 43
4 30 63
4 31 68
4 32 96
4 33 53
4 34 27
4 35 88
4 36 42
4 37 94
4 38 56
4 39 31
4 40 81
4 41 95
4 42 93
4 43 43
4 44 94
4 45 70
4 46 32
4 47 45
4 48 55
4 49 42
4 50 58
4 51 74
4 52 23
4 53 16
4 54 57
4 55 83
4 56 81
4 57 9
4 58 28
4 59 41
4 60 10
4 61 40
4 62 18
4 63 21
4 64 75
4 65 70
4 66 26
4 67 35
4 68 61
4 69 27
4 70 38
4 71 16
4 72 23
4 73 6
4 74 99
4 75 58
4 76 16
4 77 37
4 78 86
4 79 27
4 80 79
4 81 99
4 82 69
4 83 11
4 84 3
4 85 21
4 86 0
4 87 93
4 88 65
4 89 14
5 6 41
5 7 93
5 8 88
5 9 91
5 10 72
5 11 23
5 12 9
5 13 76
5 14 59
5 15 10
5 16 61
5 17 21
5 18 27
5 19 54
5 20 84
5 21 68
5 22 24
5 23 97
5 24 96
5 25 19
5 26 67
5 27 45
5 28 89
5 29 70
5 30 83
5 31 20
5 32 63
5 33 24
5 34 61
5 35 98
5 36 69
5 37 1
5 38 74
5 39 80
5 40 94
5 41 20
5 42 22
5 43 78
5 44 97
5 45 89
5 46 62
5 47 13
5 48 15
5 49 75
5 50 25
5 51 17
5 52 57
5 53 51
5 54 70
5 55 43
5 56 37
5 57 67
5 58 38
5 59 43
5 60 50
5 61 58
5 62 67
5 63 78
5 64 21
5 65 88
5 66 31
5 67 57
5 68 58
5 69 84
5 70 48
5 71 64
5 72 57
5 73 90
5 74 81
5 75 62
5 76 23
5 77 37
5 78 58
5 79 56
5 80 26
5 81 89
5 82 80
5 83 87
5 84 49
5 85 3
5 86 81
5 87 19
5 88 64
5 89 94
6 7 94
6 8 23
6 9 77
6 10 55
6 11 11
6 12 50
6 13 7
6 14 6
6 15 48
6 16 33
6 17 0
6 18 56
6 19 57
6 20 80
6 21 34
6 22 36
6 23 71
6 24 53
6 25 14
6 26 33
6 27 41
6 28 16
6 29 67
6 30 38
6 31 42
6 32 85
6 33 91
6 34 24
6 35 16
6 36 97
6 37 19
6 38 99
6 39 66
6 40 27
6 41 9
6 42 20
6 43 42
6 44 27
6 45 33
6 46 64
6 47 54
6 48 94
6 49 45
6 50 56
6 51 34
6 52 89
6 53 31
6 54 51
6 55 34
6 56 17
6 57 93
6 58 93
6 59 2
6 60 84
6 61 3
6 62 11
6 63 53
6 64 68
6 65 23
6 66 64
6 67 21
6 68 66
6 69 30
6 70 3
6 71 61
6 72 74
6 73 98
6 74 23
6 75 60
6 76 20
6 77 30
6 78 38
6 79 19
6 80 66
6 81 46
6 82 59
6 83 17
6 84 7
6 85 10
6 86 60
6 87 56
6 88 30
6 89 50
7 8 37
7 9 9
7 10 34
7 11 50
7 12 81
7 13 80
7 14 9
7 15 69
7 16 18
7 17 41
7 18 45
7 19 57
7 20 37
7 21 84
7 22 2
7 23 50
7 24 54
7 25 28
7 26 61
7 27 95
7 28 3
7 29 29
7 30 76
7 31 45
7 32 19
7 33 71
7 34 8
7 35 27
7 36 41
7 37 14
7 38 69
7 39 24
7 40 62
7 41 61
7 42 31
7 43 35
7 44 48
7 45 93
7 46 92
7 47 10
7 48 83
7 49 3
7 50 32
7 51 72
7 52 21
7 53 32
7 54 10
7 55 72
7 56 17
7 57 22
7 58 60
7 59 37
7 60 66
7 61 89
7 62 13
7 63 29
7 64 57
7 65 57
7 66 15
7 67 30
7 68 15
7 69 5
7 70 41
7 71 59
7 72 38
7 73 33
7 74 24
7 75 19
7 76 42
7 77 44
7 78 92
7 79 76
7 80 20
7 81 13
7 82 36
7 83 50
7 84 41
7 85 11
7 86 74
7 87 3
7 88 41
7 89 43
8 9 73
8 10 90
8 11 54
8 12 54
8 13 54
8 14 65
8 15 15
8 16 92
8 17 8
8 18 74
8 19 32
8 20 14
8 21 2
8 22 97
8 23 68
8 24 2
8 25 50
8 26 35
8 27 52
8 28 3
8 29 72
8 30 66
8 31 21
8 32 85
8 33 15
8 34 10
8 35 84
8 36 18
8 37 18
8 38 38
8 39 47
8 40 27
8 41 54
8 42 1
8 43 32
8 44 26
8 45 77
8 46 91
8 47 63
8 48 45
8 49 82
8 50 58
8 51 74
8 52 44
8 53 53
8 54 66
8 55 99
8 56 38
8 57 91
8 58 96
8 59 35
8 60 44
8 61 3
8 62 24
8 63 54
8 64 79
8 65 85
8 66 87
8 67 96
8 68 36
8 69 64
8 70 67
8 71 50
8 72 17
8 73 78
8 74 46
8 75 27
8 76 72
8 77 76
8 78 31
8 79 13
8 80 20
8 81 66
8 82 3
8 83 47
8 84 52
8 85 89
8 86 1
8 87 94
8 88 63
8 89 9
9 10 11
9 11 23
9 12 96
9 13 49
9 14 65
9 15 26
9 16 30
9 17 63
9 18 97
9 19 28
9 20 23
9 21 75
9 22 43
9 23 36
9 24 33
9 25 97
9 26 77
9 27 34
9 28 40
9 29 60
9 30 82
9 31 48
9 32 93
9 33 35
9 34 21
9 35 56
9 36 87
9 37 31
9 38 14
9 39 38
9 40 3
9 41 23
9 42 35
9 43 38
9 44 37
9 45 77
9 46 73
9 47 46
9 48 84
9 49 39
9 50 74
9 51 46
9 52 65
9 53 16
9 54 66
9 55 4
9 56 32
9 57 65
9 58 34
9 59 80
9 60 57
9 61 62
9 62 74
9 63 96
9 64 74
9 65 24
9 66 9
9 67 19
9 68 95
9 69 95
9 70 52
9 71 97
9 72 68
9 73 69
9 74 37
9 75 91
9 76 47
9 77 71
9 78 64
9 79 12
9 80 69
9 81 43
9 82 60
9 83 46
9 84 79
9 85 64
9 86 57
9 87 57
9 88 69
9 89 71
10 11 9
10 12 89
10 13 78
10 14 22
10 15 66
10 16 78
10 17 93
10 18 93
10 19 20
10 20 57
10 21 67
10 22 39
10 23 84
10 24 49
10 25 47
10 26 80
10 27 32
10 28 63
10 29 29
10 30 3
10 31 2
10 32 50
10 33 88
10 34 47
10 35 83
10 36 60
10 37 47
10 38 11
10 39 71
10 40 54
10 41 59
10 42 47
10 43 52
10 44 43
10 45 43
10 46 98
10 47 41
10 48 84
10 49 24
10 50 13
10 51 88
10 52 76
10 53 53
10 54 46
10 55 74
10 56 31
10 57 82
10 58 7
10 59 80
10 60 7
10 61 76
10 62 20
10 63 9
10 64 34
10 65 5
10 66 90
10 67 34
10 68 85
10 69 57
10 70 89
10 71 69
10 72 49
10 73 57
10 74 23
10 75 95
10 76 94
10 77 89
10 78 66
10 79 86
10 80 99
10 81 52
10 82 12
10 83 66
10 84 43
10 85 3
10 86 56
10 87 17
10 88 21
10 89 55
11 12 83
11 13 77
11 14 70
11 15 83
11 16 81
11 17 97
11 18 33
11 19 91
11 20 73
11 21 84
11 22 10
11 23 60
11 24 66
11 25 47
11 26 60
11 27 83
11 28 99
11 29 55
11 30 37
11 31 77
11 32 94
11 33 10
11 34 39
11 35 12
11 36 87
11 37 67
11 38 81
11 39 26
11 40 96
11 41 52
11 42 67
11 43 40
11 44 67
11 45 67
11 46 30
11 47 42
11 48 61
11 49 44
11 50 23
11 51 23
11 52 94
11 53 73
11 54 34
11 55 75
11 56 17
11 57 59
11 58 11
11 59 65
11 60 35
11 61 74
11 62 2
11 63 23
11 64 64
11 65 0
11 66 63
11 67 64
11 68 26
11 69 78
11 70 24
11 71 30
11 72 97
11 73 6
11 74 10
11 75 27
11 76 99
11 77 95
11 78 84
11 79 60
11 80 35
11 81 51
11 82 16
11 83 41
11 84 84
11 85 73
11 86 23
11 87 99
11 88 72
11 89 2
12 13 43
12 14 66
12 15 29
12 16 8
12 17 70
12 18 11
12 19 45
12 20 12
12 21 0
12 22 22
12 23 93
12 24 45
12 25 82
12 26 67
12 27 70
12 28 27
12 29 71
12 30 61
12 31 36
12 32 6
12 33 24
12 34 56
12 35 9
12 36 18
12 37 27
12 38 14
12 39 14
12 40 94
12 41 82
12 42 43
12 43 8
12 44 2
12 45 50
12 46 59
12 47 27
12 48 18
12 49 24
12 50 98
12 51 80
12 52 21
12 53 23
12 54 87
12 55 34
12 56 21
12 57 72
12 58 5
12 59 26
12 60 94
12 61 99
12 62 10
12 63 13
12 64 19
12 65 11
12 66 66
12 67 77
12 68 43
12 69 84
12 70 23
12 71 17
12 72 12
12 73 48
12 74 98
12 75 84
12 76 12
12 77 75
12 78 86
12 79 72
12 80 0
12 81 30
12 82 48
12 83 48
12 84 75
12 85 74
12 86 16
12 87 89
12 88 71
12 89 46
13 14 97
13 15 4
13 16 9
13 17 80
13 18 71
13 19 13
13 20 91
13 21 81
13 22 67
13 23 46
13 24 12
13 25 69
13 26 51
13 27 55
13 28 49
13 29 7
13 30 64
13 31 94
13 32 99
13 33 68
13 34 38
13 35 50
13 36 14
13 37 96
13 38 89
13 39 85
13 40 59
13 41 66
13 42 68
13 43 7
13 44 58
13 45 42
13 46 23
13 47 47
13 48 42
13 49 69
13 50 40
13 51 56
13 52 67
13 53 70
13 54 58
13 55 75
13 56 11
13 57 44
13 58 97
13 59 59
13 60 86
13 61 29
13 62 12
13 63 75
13 64 29
13 65 78
13 66 47
13 67 0
13 68 72
13 69 87
13 70 70
13 71 88
13 72 30
13 73 11
13 74 3
13 75 89
13 76 15
13 77 54
13 78 71
13 79 18
13 80 61
13 81 56
13 82 35
13 83 84
13 84 56
13 85 13
13 86 86
13 87 56
13 88 14
13 89 91
14 15 97
14 16 56
14 17 49
14 18 25
14 19 9
14 20 57
14 21 56
14 22 34
14 23 5
14 24 89
14 25 26
14 26 68
14 27 46
14 28 36
14 29 72
14 30 42
14 31 76
14 32 13
14 33 67
14 34 64
14 35 7
14 36 73
14 37 54
14 38 31
14 39 65
14 40 63
14 41 88
14 42 41
14 43 97
14 44 43
14 45 42
14 46 71
14 47 41
14 48 60
14 49 13
14 50 89
14 51 54
14 52 28
14 53 92
14 54 29
14 55 10
14 56 34
14 57 56
14 58 73
14 59 34
14 60 17
14 61 23
14 62 92
14 63 24
14 64 6
14 65 36
14 66 48
14 67 88
14 68 90
14 69 17
14 70 91
14 71 25
14 72 0
14 73 9
14 74 62
14 75 62
14 76 69
14 77 13
14 78 42
14 79 57
14 80 82
14 81 56
14 82 68
14 83 2
14 84 10
14 85 61
14 86 21
14 87 43
14 88 10
14 89 58
15 16 36
15 17 87
15 18 86
15 19 59
15 20 83
15 21 28
15 22 24
15 23 51
15 24 98
15 25 54
15 26 87
15 27 97
15 28 93
15 29 49
15 30 10
15 31 51
15 32 10
15 33 27
15 34 90
15 35 30
15 36 23
15 37 96
15 38 94
15 39 68
15 40 28
15 41 23
15 42 35
15 43 23
15 44 60
15 45 27
15 46 79
15 47 0
15 48 24
15 49 95
15 50 13
15 51 64
15 52 96
15 53 76
15 54 50
15 55 20
15 56 66
15 57 73
15 58 27
15 59 93
15 60 89
15 61 98
15 62 75
15 63 31
15 64 67
15 65 18
15 66 39
15 67 10
15 68 73
15 69 39
15 70 75
15 71 16
15 72 84
15 73 51
15 74 93
15 75 20
15 76 13
15 77 98
15 78 51
15 79 80
15 80 67
15 81 89
15 82 70
15 83 70
15 84 87
15 85 81
15 86 67
15 87 3
15 88 66
15 89 6
16 17 8
16 18 19
16 19 79
16 20 37
16 21 19
16 22 10
16 23 57
16 24 33
16 25 4
16 26 29
16 27 96
16 28 91
16 29 5
16 30 82
16 31 0
16 32 40
16 33 89
16 34 29
16 35 67
16 36 11
16 37 26
16 38 18
16 39 74
16 40 68
16 41 24
16 42 12
16 43 60
16 44 44
16 45 77
16 46 56
16 47 11
16 48 57
16 49 88
16 50 10
16 51 44
16 52 42
16 53 42
16 54 49
16 55 57
16 56 76
16 57 69
16 58 40
16 59 90
16 60 8
16 61 33
16 62 26
16 63 93
16 64 5
16 65 7
16 66 54
16 67 29
16 68 35
16 69 92
16 70 60
16 71 3
16 72 68
16 73 67
16 74 70
16 75 96
16 76 38
16 77 38
16 78 17
16 79 4
16 80 93
16 81 51
16 82 65
16 83 4
16 84 63
16 85 44
16 86 68
16 87 64
16 88 25
16 89 53
17 18 49
17 19 18
17 20 8
17 21 53
17 22 61
17 23 66
17 24 74
17 25 0
17 26 34
17 27 32
17 28 73
17 29 20
17 30 95
17 31 60
17 32 20
17 33 54
17 34 29
17 35 97
17 36 24
17 37 78
17 38 59
17 39 6
17 40 35
17 41 21
17 42 98
17 43 86
17 44 77
17 45 70
17 46 42
17 47 92
17 48 30
17 49 91
17 50 21
17 51 41
17 52 22
17 53 87
17 54 1
17 55 32
17 56 64
17 57 34
17 58 45
17 59 12
17 60 36
17 61 62
17 62 39
17 63 49
17 64 17
17 65 65
17 66 88
17 67 60
17 68 64
17 69 11
17 70 94
17 71 53
17 72 47
17 73 1
17 74 63
17 75 15
17 76 26
17 77 83
17 78 42
17 79 1
17 80 21
17 81 48
17 82 18
17 83 34
17 84 44
17 85 76
17 86 16
17 87 89
17 88 56
17 89 67
18 19 86
18 20 77
18 21 36
18 22 74
18 23 76
18 24 69
18 25 36
18 26 91
18 27 9
18 28 55
18 29 25
18 30 7
18 31 86
18 32 17
18 33 58
18 34 58
18 35 68
18 36 33
18 37 59
18 38 76
18 39 95
18 40 78
18 41 31
18 42 97
18 43 60
18 44 24
18 45 51
18 46 18
18 47 97
18 48 90
18 49 85
18 50 84
18 51 84
18 52 94
18 53 67
18 54 94
18 55 49
18 56 88
18 57 97
18 58 77
18 59 41
18 60 56
18 61 14
18 62 61
18 63 31
18 64 57
18 65 77
18 66 58
18 67 74
18 68 25
18 69 35
18 70 95
18 71 85
18 72 79
18 73 46
18 74 65
18 75 67
18 76 43
18 77 43
18 78 66
18 79 99
18 80 65
18 81 84
18 82 25
18 83 78
18 84 63
18 85 23
18 86 44
18 87 45
18 88 50
18 89 15
19 20 50
19 21 39
19 22 9
19 23 16
19 24 30
19 25 9
19 26 30
19 27 99
19 28 25
19 29 34
19 30 54
19 31 16
19 32 21
19 33 19
19 34 75
19 35 91
19 36 1
19 37 30
19 38 44
19 39 44
19 40 65
19 41 99
19 42 22
19 43 24
19 44 84
19 45 78
19 46 81
19 47 50
19 48 19
19 49 37
19 50 78
19 51 27
19 52 21
19 53 78
19 54 62
19 55 37
19 56 53
19 57 15
19 58 38
19 59 95
19 60 40
19 61 28
19 62 78
19 63 98
19 64 19
19 65 95
19 66 15
19 67 31
19 68 63
19 69 39
19 70 78
19 71 2
19 72 66
19 73 78
19 74 81
19 75 3
19 76 27
19 77 36
19 78 39
19 79 98
19 80 32
19 81 25
19 82 30
19 83 26
19 84 86
19 85 81
19 86 83
19 87 21
19 88 43
19 89 82
20 21 72
20 22 83
20 23 69
20 24 74
20 25 90
20 26 44
20 27 84
20 28 74
20 29 23
20 30 32
20 31 91
20 32 79
20 33 19
20 34 87
20 35 98
20 36 20
20 37 99
20 38 79
20 39 71
20 40 17
20 41 98
20 42 22
20 43 45
20 44 33
20 45 67
20 46 16
20 47 57
20 48 76
20 49 61
20 50 3
20 51 15
20 52 99
20 53 82
20 54 1
20 55 60
20 56 81
20 57 88
20 58 96
20 59 94
20 60 28
20 61 47
20 62 57
20 63 34
20 64 57
20 65 72
20 66 73
20 67 39
20 68 67
20 69 52
20 70 18
20 71 9
20 72 42
20 73 28
20 74 26
20 75 96
20 76 98
20 77 52
20 78 97
20 79 64
20 80 71
20 81 85
20 82 91
20 83 10
20 84 12
20 85 29
20 86 67
20 87 40
20 88 85
20 89 20
21 22 84
21 23 47
21 24 66
21 25 39
21 26 47
21 27 56
21 28 57
21 29 83
21 30 95
21 31 59
21 32 50
21 33 93
21 34 83
21 35 85
21 36 19
21 37 2
21 38 45
21 39 4
21 40 28
21 41 38
21 42 94
21 43 39
21 44 19
21 45 22
21 46 25
21 47 8
21 48 70
21 49 44
21 50 40
21 51 64
21 52 63
21 53 89
21 54 31
21 55 68
21 56 88
21 57 55
21 58 85
21 59 7
21 60 34
21 61 36
21 62 81
21 63 29
21 64 99
21 65 13
21 66 81
21 67 2
21 68 77
21 69 92
21 70 83
21 71 51
21 72 53
21 73 49
21 74 71
21 75 54
21 76 18
21 77 51
21 78 12
21 79 64
21 80 36
21 81 15
21 82 53
21 83 53
21 84 55
21 85 52
21 86 54
21 87 54
21 88 64
21 89 65
22 23 65
22 24 58
22 25 22
22 26 63
22 27 47
22 28 65
22 29 50
22 30 55
22 31 6
22 32 2
22 33 33
22 34 35
22 35 95
22 36 14
22 37 0
22 38 3
22 39 95
22 40 95
22 41 1
22 42 29
22 43 52
22 44 67
22 45 50
22 46 15
22 47 81
22 48 63
22 49 88
22 50 23
22 51 8
22 52 58
22 53 46
22 54 75
22 55 44
22 56 54
22 57 3
22 58 1
22 59 51
22 60 60
22 61 35
22 62 48
22 63 44
22 64 87
22 65 69
22 66 13
22 67 90
22 68 70
22 69 49
22 70 85
22 71 4
22 72 26
22 73 42
22 74 81
22 75 1
22 76 98
22 77 47
22 78 29
22 79 25
22 80 81
22 81 66
22 82 20
22 83 64
22 84 6
22 85 9
22 86 3
22 87 73
22 88 55
22 89 73
23 24 33
23 25 60
23 26 45
23 27 27
23 28 90
23 29 21
23 30 85
23 31 96
23 32 36
23 33 37
23 34 33
23 35 53
23 36 80
23 37 35
23 38 47
23 39 78
23 40 56
23 41 23
23 42 13
23 43 76
23 44 50
23 45 1
23 46 91
23 47 17
23 48 62
23 49 59
23 50 47
23 51 96
23 52 29
23 53 67
23 54 19
23 55 10
23 56 40
23 57 12
23 58 33
23 59 54
23 60 76
23 61 56
23 62 43
23 63 29
23 64 46
23 65 21
23 66 61
23 67 21
23 68 64
23 69 49
23 70 97
23 71 95
23 72 50
23 73 97
23 74 65
23 75 3
23 76 63
23 77 79
23 78 37
23 79 96
23 80 41
23 81 38
23 82 88
23 83 93
23 84 75
23 85 45
23 86 18
23 87 14
23 88 48
23 89 54
24 25 32
24 26 45
24 27 86
24 28 33
24 29 97
24 30 40
24 31 85
24 32 44
24 33 47
24 34 10
24 35 97
24 36 36
24 37 26
24 38 17
24 39 38
24 40 0
24 41 41
24 42 39
24 43 94
24 44 22
24 45 58
24 46 33
24 47 88
24 48 55
24 49 89
24 50 80
24 51 82
24 52 17
24 53 70
24 54 88
24 55 7
24 56 32
24 57 44
24 58 2
24 59 76
24 60 15
24 61 81
24 62 98
24 63 70
24 64 92
24 65 59
24 66 83
24 67 92
24 68 71
24 69 40
24 70 16
24 71 69
24 72 11
24 73 9
24 74 19
24 75 46
24 76 31
24 77 18
24 78 96
24 79 85
24 80 7
24 81 45
24 82 7
24 83 81
24 84 94
24 85 2
24 86 14
24 87 42
24 88 37
24 89 71
25 26 51
25 27 83
25 28 64
25 29 10
25 30 20
25 31 14
25 32 90
25 33 57
25 34 90
25 35 60
25 36 62
25 37 83
25 38 84
25 39 60
25 40 93
25 41 61
25 42 79
25 43 70
25 44 87
25 45 34
25 46 95
25 47 71
25 48 40
25 49 53
25 50 74
25 51 14
25 52 97
25 53 26
25 54 80
25 55 18
25 56 25
25 57 90
25 58 38
25 59 32
25 60 86
25 61 41
25 62 43
25 63 92
25 64 6
25 65 9
25 66 47
25 67 38
25 68 32
25 69 81
25 70 71
25 71 31
25 72 77
25 73 20
25 74 7
25 75 44
25 76 13
25 77 24
25 78 70
25 79 15
25 80 10
25 81 72
25 82 74
25 83 27
25 84 3
25 85 13
25 86 46
25 87 31
25 88 26
25 89 29
26 27 97
26 28 99
26 29 64
26 30 8
26 31 28
26 32 72
26 33 80
26 34 27
26 35 7
26 36 10
26 37 83
26 38 32
26 39 19
26 40 31
26 41 31
26 42 95
26 43 55
26 44 51
26 45 55
26 46 22
26 47 91
26 48 41
26 49 90
26 50 61
26 51 47
26 52 33
26 53 8
26 54 36
26 55 86
26 56 11
26 57 65
26 58 90
26 59 56
26 60 93
26 61 33
26 62 82
26 63 48
26 64 57
26 65 88
26 66 89
26 67 29
26 68 52
26 69 81
26 70 72
26 71 46
26 72 94
26 73 87
26 74 47
26 75 96
26 76 74
26 77 48
26 78 42
26 79 17
26 80 94
26 81 59
26 82 66
26 83 87
26 84 33
26 85 95
26 86 73
26 87 42
26 88 74
26 89 82
27 28 15
27 29 10
27 30 22
27 31 17
27 32 36
27 33 12
27 34 86
27 35 57
27 36 70
27 37 4
27 38 98
27 39 88
27 40 34
27 41 48
27 42 35
27 43 54
27 44 3
27 45 89
27 46 66
27 47 56
27 48 33
27 49 36
27 50 77
27 51 79
27 52 42
27 53 22
27 54 80
27 55 72
27 56 67
27 57 57
27 58 61
27 59 7
27 60 85
27 61 44
27 62 9
27 63 58
27 64 93
27 65 66
27 66 66
27 67 33
27 68 73
27 69 8
27 70 51
27 71 41
27 72 2
27 73 51
27 74 99
27 75 92
27 76 35
27 77 31
27 78 77
27 79 93
27 80 17
27 81 59
27 82 31
27 83 83
27 84 16
27 85 46
27 86 48
27 87 7
27 88 58
27 89 69
28 29 18
28 30 4
28 31 76
28 32 6
28 33 63
28 34 75
28 35 28
28 36 43
28 37 42
28 38 72
28 39 73
28 40 93
28 41 37
28 42 26
28 43 32
28 44 11
28 45 72
28 46 46
28 47 80
28 48 56
28 49 52
28 50 39
28 51 28
28 52 34
28 53 91
28 54 77
28 55 37
28 56 38
28 57 60
28 58 35
28 59 34
28 60 47
28 61 50
28 62 8
28 63 49
28 64 72
28 65 33
28 66 79
28 67 67
28 68 14
28 69 7
28 70 46
28 71 53
28 72 52
28 73 39
28 74 76
28 75 90
28 76 29
28 77 28
28 78 65
28 79 28
28 80 46
28 81 55
28 82 68
28 83 67
28 84 76
28 85 6
28 86 5
28 87 32
28 88 67
28 89 74
29 30 82
29 31 29
29 32 42
29 33 9
29 34 82
29 35 26
29 36 94
29 37 71
29 38 14
29 39 98
29 40 84
29 41 50
29 42 31
29 43 54
29 44 27
29 45 40
29 46 28
29 47 90
29 48 60
29 49 66
29 50 84
29 51 29
29 52 63
29 53 72
29 54 62
29 55 84
29 56 60
29 57 0
29 58 61
29 59 82
29 60 75
29 61 67
29 62 47
29 63 63
29 64 97
29 65 70
29 66 65
29 67 47
29 68 97
29 69 97
29 70 85
29 71 74
29 72 16
29 73 37
29 74 39
29 75 65
29 76 11
29 77 0
29 78 92
29 79 87
29 80 6
29 81 90
29 82 46
29 83 22
29 84 48
29 85 80
29 86 88
29 87 93
29 88 97
29 89 81
30 31 69
30 32 47
30 33 45
30 34 95
30 35 60
30 36 38
30 37 24
30 38 18
30 39 27
30 40 69
30 41 52
30 42 61
30 43 95
30 44 39
30 45 75
30 46 33
30 47 66
30 48 68
30 49 97
30 50 66
30 51 96
30 52 17
30 53 50
30 54 91
30 55 50
30 56 82
30 57 66
30 58 66
30 59 56
30 60 19
30 61 72
30 62 68
30 63 34
30 64 94
30 65 49
30 66 24
30 67 30
30 68 24
30 69 96
30 70 69
30 71 30
30 72 42
30 73 11
30 74 77
30 75 41
30 76 51
30 77 11
30 78 59
30 79 98
30 80 52
30 81 79
30 82 65
30 83 62
30 84 99
30 85 20
30 86 30
30 87 42
30 88 20
30 89 78
31 32 64
31 33 73
31 34 83
31 35 80
31 36 46
31 37 36
31 38 75
31 39 82
31 40 44
31 41 10
31 42 30
31 43 85
31 44 62
31 45 8
31 46 71
31 47 30
31 48 10
31 49 70
31 50 9
31 51 9
31 52 60
31 53 92
31 54 95
31 55 97
31 56 85
31 57 70
31 58 51
31 59 39
31 60 63
31 61 62
31 62 22
31 63 12
31 64 44
31 65 25
31 66 8
31 67 4
31 68 51
31 69 18
31 70 30
31 71 82
31 72 59
31 73 1
31 74 46
31 75 51
31 76 18
31 77 52
31 78 65
31 79 85
31 80 81
31 81 40
31 82 94
31 83 85
31 84 13
31 85 52
31 86 59
31 87 10
31 88 16
31 89 38
32 33 43
32 34 90
32 35 9
32 36 53
32 37 6
32 38 28
32 39 40
32 40 49
32 41 33
32 42 75
32 43 15
32 44 16
32 45 63
32 46 19
32 47 25
32 48 95
32 49 76
32 50 43
32 51 51
32 52 8
32 53 58
32 54 25
32 55 18
32 56 75
32 57 96
32 58 17
32 59 47
32 60 42
32 61 84
32 62 62
32 63 85
32 64 92
32 65 47
32 66 61
32 67 9
32 68 82
32 69 35
32 70 46
32 71 68
32 72 87
32 73 23
32 74 46
32 75 70
32 76 96
32 77 60
32 78 27
32 79 98
32 80 57
32 81 93
32 82 44
32 83 91
32 84 9
32 85 17
32 86 48
32 87 4
32 88 60
32 89 27
33 34 26
33 35 91
33 36 47
33 37 97
33 38 30
33 39 40
33 40 32
33 41 55
33 42 79
33 43 70
33 44 32
33 45 42
33 46 57
33 47 15
33 48 47
33 49 98
33 50 11
33 51 4
33 52 56
33 53 97
33 54 44
33 55 6
33 56 37
33 57 25
33 58 77
33 59 72
33 60 7
33 61 38
33 62 76
33 63 49
33 64 38
33 65 11
33 66 90
33 67 8
33 68 88
33 69 40
33 70 90
33 71 43
33 72 14
33 73 67
33 74 51
33 75 93
33 76 3
33 77 67
33 78 10
33 79 56
33 80 13
33 81 51
33 82 97
33 83 81
33 84 1
33 85 21
33 86 26
33 87 12
33 88 9
33 89 66
34 35 78
34 36 13
34 37 69
34 38 57
34 39 41
34 40 26
34 41 95
34 42 57
34 43 85
34 44 74
34 45 90
34 46 21
34 47 57
34 48 16
34 49 88
34 50 12
34 51 16
34 52 34
34 53 61
34 54 92
34 55 19
34 56 0
34 57 51
34 58 76
34 59 26
34 60 76
34 61 95
34 62 81
34 63 23
34 64 4
34 65 92
34 66 81
34 67 52
34 68 30
34 69 60
34 70 61
34 71 70
34 72 55
34 73 16
34 74 47
34 75 64
34 76 74
34 77 74
34 78 15
34 79 40
34 80 58
34 81 21
34 82 19
34 83 31
34 84 86
34 85 56
34 86 14
34 87 99
34 88 85
34 89 96
35 36 15
35 37 4
35 38 99
35 39 45
35 40 18
35 41 2
35 42 17
35 43 11
35 44 23
35 45 73
35 46 14
35 47 60
35 48 44
35 49 86
35 50 68
35 51 89
35 52 43
35 53 40
35 54 52
35 55 57
35 56 24
35 57 10
35 58 41
35 59 56
35 60 41
35 61 50
35 62 31
35 63 93
35 64 0
35 65 91
35 66 3
35 67 85
35 68 51
35 69 23
35 70 38
35 71 68
35 72 41
35 73 85
35 74 0
35 75 76
35 76 6
35 77 10
35 78 76
35 79 14
35 80 88
35 81 1
35 82 46
35 83 43
35 84 9
35 85 44
35 86 35
35 87 50
35 88 7
35 89 57
36 37 70
36 38 38
36 39 73
36 40 61
36 41 14
36 42 47
36 43 6
36 44 5
36 45 95
36 46 23
36 47 66
36 48 4
36 49 95
36 50 40
36 51 42
36 52 41
36 53 29
36 54 47
36 55 96
36 56 55
36 57 0
36 58 59
36 59 29
36 60 34
36 61 60
36 62 33
36 63 25
36 64 88
36 65 44
36 66 59
36 67 9
36 68 58
36 69 79
36 70 24
36 71 73
36 72 11
36 73 86
36 74 81
36 75 1
36 76 21
36 77 67
36 78 69
36 79 30
36 80 65
36 81 25
36 82 18
36 83 36
36 84 0
36 85 94
36 86 89
36 87 43
36 88 10
36 89 4
37 38 33
37 39 88
37 40 59
37 41 64
37 42 44
37 43 32
37 44 98
37 45 84
37 46 30
37 47 70
37 48 57
37 49 45
37 50 46
37 51 77
37 52 0
37 53 26
37 54 6
37 55 27
37 56 64
37 57 79
37 58 5
37 59 31
37 60 2
37 61 26
37 62 50
37 63 29
37 64 3
37 65 1
37 66 97
37 67 6
37 68 58
37 69 34
37 70 96
37 71 52
37 72 94
37 73 21
37 74 34
37 75 98
37 76 43
37 77 78
37 78 22
37 79 24
37 80 32
37 81 20
37 82 9
37 83 73
37 84 64
37 85 77
37 86 19
37 87 87
37 88 22
37 89 42
38 39 12
38 40 58
38 41 86
38 42 22
38 43 93
38 44 15
38 45 77
38 46 30
38 47 67
38 48 64
38 49 20
38 50 58
38 51 62
38 52 31
38 53 73
38 54 44
38 55 66
38 56 76
38 57 87
38 58 89
38 59 72
38 60 69
38 61 19
38 62 22
38 63 54
38 64 22
38 65 67
38 66 41
38 67 31
38 68 54
38 69 8
38 70 7
38 71 89
38 72 22
38 73 77
38 74 56
38 75 74
38 76 9
38 77 16
38 78 2
38 79 52
38 80 44
38 81 75
38 82 15
38 83 44
38 84 61
38 85 24
38 86 96
38 87 51
38 88 61
38 89 0
39 40 62
39 41 85
39 42 28
39 43 92
39 44 80
39 45 80
39 46 62
39 47 4
39 48 55
39 49 85
39 50 96
39 51 60
39 52 46
39 53 34
39 54 20
39 55 52
39 56 1
39 57 19
39 58 24
39 59 7
39 60 40
39 61 41
39 62 49
39 63 84
39 64 76
39 65 96
39 66 91
39 67 45
39 68 8
39 69 2
39 70 32
39 71 62
39 72 84
39 73 21
39 74 80
39 75 67
39 76 69
39 77 49
39 78 82
39 79 71
39 80 19
39 81 91
39 82 79
39 83 92
39 84 47
39 85 75
39 86 45
39 87 65
39 88 42
39 89 4
40 41 15
40 42 99
40 43 88
40 44 30
40 45 3
40 46 31
40 47 14
40 48 87
40 49 99
40 50 43
40 51 9
40 52 15
40 53 67
40 54 4
40 55 89
40 56 51
40 57 50
40 58 62
40 59 83
40 60 21
40 61 65
40 62 74
40 63 66
40 64 28
40 65 83
40 66 31
40 67 54
40 68 41
40 69 56
40 70 7
40 71 7
40 72 16
40 73 25
40 74 25
40 75 72
40 76 39
40 77 40
40 78 4
40 79 89
40 80 79
40 81 94
40 82 41
40 83 39
40 84 92
40 85 9
40 86 92
40 87 89
40 88 89
40 89 25
41 42 17
41 43 15
41 44 14
41 45 85
41 46 59
41 47 27
41 48 44
41 49 89
41 50 71
41 51 25
41 52 84
41 53 42
41 54 97
41 55 57
41 56 34
41 57 71
41 58 33
41 59 53
41 60 63
41 61 5
41 62 22
41 63 56
41 64 39
41 65 71
41 66 15
41 67 64
41 68 56
41 69 97
41 70 20
41 71 33
41 72 91
41 73 10
41 74 11
41 75 93
41 76 4
41 77 72
41 78 69
41 79 20
41 80 65
41 81 91
41 82 81
41 83 65
41 84 59
41 85 28
41 86 26
41 87 85
41 88 7
41 89 43
42 43 63
42 44 98
42 45 41
42 46 77
42 47 44
42 48 59
42 49 64
42 50 60
42 51 7
42 52 63
42 53 10
42 54 55
42 55 5
42 56 86
42 57 83
42 58 87
42 59 67
42 60 8
42 61 97
42 62 38
42 63 25
42 64 67
42 65 77
42 66 15
42 67 90
42 68 82
42 69 34
42 70 30
42 71 77
42 72 59
42 73 0
42 74 36
42 75 69
42 76 12
42 77 83
42 78 21
42 79 65
42 80 12
42 81 21
42 82 12
42 83 62
42 84 44
42 85 60
42 86 22
42 87 32
42 88 87
42 89 11
43 44 39
43 45 63
43 46 3
43 47 1
43 48 78
43 49 70
43 50 1
43 51 36
43 52 85
43 53 61
43 54 67
43 55 59
43 56 22
43 57 62
43 58 72
43 59 31
43 60 26
43 61 68
43 62 61
43 63 53
43 64 27
43 65 36
43 66 93
43 67 86
43 68 97
43 69 22
43 70 36
43 71 51
43 72 98
43 73 52
43 74 1
43 75 53
43 76 66
43 77 10
43 78 9
43 79 34
43 80 1
43 81 46
43 82 78
43 83 5
43 84 92
43 85 97
43 86 19
43 87 61
43 88 84
43 89 67
44 45 69
44 46 21
44 47 21
44 48 31
44 49 62
44 50 57
44 51 4
44 52 1
44 53 17
44 54 88
44 55 43
44 56 5
44 57 34
44 58 62
44 59 72
44 60 3
44 61 93
44 62 40
44 63 44
44 64 11
44 65 30
44 66 44
44 67 84
44 68 97
44 69 79
44 70 22
44 71 80
44 72 7
44 73 57
44 74 8
44 75 4
44 76 13
44 77 56
44 78 68
44 79 67
44 80 39
44 81 71
44 82 24
44 83 36
44 84 70
44 85 55
44 86 29
44 87 27
44 88 35
44 89 77
45 46 25
45 47 88
45 48 72
45 49 15
45 50 21
45 51 49
45 52 0
45 53 6
45 54 26
45 55 22
45 56 84
45 57 67
45 58 34
45 59 57
45 60 71
45 61 73
45 62 62
45 63 98
45 64 60
45 65 15
45 66 7
45 67 67
45 68 17
45 69 99
45 70 70
45 71 60
45 72 67
45 73 44
45 74 82
45 75 57
45 76 77
45 77 86
45 78 53
45 79 63
45 80 20
45 81 79
45 82 68
45 83 85
45 84 19
45 85 95
45 86 37
45 87 76
45 88 54
45 89 57
46 47 9
46 48 62
46 49 43
46 50 8
46 51 19
46 52 64
46 53 89
46 54 88
46 55 71
46 56 85
46 57 54
46 58 34
46 59 42
46 60 25
46 61 22
46 62 40
46 63 37
46 64 98
46 65 87
46 66 77
46 67 27
46 68 85
46 69 9
46 70 41
46 71 54
46 72 11
46 73 67
46 74 95
46 75 11
46 76 25
46 77 52
46 78 93
46 79 30
46 80 99
46 81 96
46 82 13
46 83 1
46 84 78
46 85 14
46 86 67
46 87 98
46 88 1
46 89 62
47 48 17
47 49 77
47 50 99
47 51 21
47 52 24
47 53 65
47 54 32
47 55 64
47 56 87
47 57 40
47 58 19
47 59 28
47 60 92
47 61 54
47 62 3
47 63 31
47 64 13
47 65 98
47 66 97
47 67 43
47 68 53
47 69 25
47 70 2
47 71 2
47 72 16
47 73 65
47 74 79
47 75 70
47 76 25
47 77 19
47 78 27
47 79 75
47 80 33
47 81 46
47 82 9
47 83 35
47 84 25
47 85 24
47 86 70
47 87 51
47 88 89
47 89 86
48 49 72
48 50 51
48 51 27
48 52 20
48 53 72
48 54 46
48 55 27
48 56 91
48 57 89
48 58 5
48 59 37
48 60 90
48 61 0
48 62 96
48 63 67
48 64 51
48 65 99
48 66 67
48 67 94
48 68 94
48 69 65
48 70 77
48 71 31
48 72 0
48 73 46
48 74 58
48 75 58
48 76 7
48 77 28
48 78 4
48 79 2
48 80 7
48 81 13
48 82 46
48 83 93
48 84 94
48 85 21
48 86 7
48 87 19
48 88 42
48 89 14
49 50 7
49 51 28
49 52 27
49 53 91
49 54 11
49 55 33
49 56 23
49 57 17
49 58 20
49 59 49
49 60 34
49 61 31
49 62 36
49 63 81
49 64 74
49 65 11
49 66 83
49 67 10
49 68 82
49 69 90
49 70 17
49 71 44
49 72 40
49 73 23
49 74 75
49 75 24
49 76 61
49 77 37
49 78 51
49 79 46
49 80 5
49 81 36
49 82 30
49 83 43
49 84 24
49 85 72
49 86 82
49 87 70
49 88 96
49 89 14
50 51 83
50 52 92
50 53 87
50 54 37
50 55 93
50 56 84
50 57 78
50 58 26
50 59 46
50 60 76
50 61 81
50 62 54
50 63 48
50 64 50
50 65 84
50 66 27
50 67 65
50 68 22
50 69 23
50 70 63
50 71 49
50 72 81
50 73 91
50 74 70
50 75 31
50 76 14
50 77 49
50 78 8
50 79 26
50 80 28
50 81 58
50 82 26
50 83 56
50 84 6
50 85 33
50 86 61
50 87 40
50 88 71
50 89 64
51 52 12
51 53 18
51 54 82
51 55 22
51 56 13
51 57 25
51 58 36
51 59 5
51 60 47
51 61 89
51 62 29
51 63 7
51 64 95
51 65 10
51 66 77
51 67 94
51 68 68
51 69 79
51 70 80
51 71 91
51 72 44
51 73 48
51 74 78
51 75 44
51 76 32
51 77 57
51 78 76
51 79 70
51 80 75
51 81 53
51 82 63
51 83 11
51 84 60
51 85 84
51 86 91
51 87 50
51 88 55
51 89 44
52 53 91
52 54 48
52 55 88
52 56 62
52 57 19
52 58 98
52 59 23
52 60 52
52 61 34
52 62 51
52 63 52
52 64 56
52 65 8
52 66 60
52 67 58
52 68 60
52 69 40
52 70 87
52 71 62
52 72 47
52 73 2
52 74 59
52 75 83
52 76 60
52 77 56
52 78 4
52 79 0
52 80 81
52 81 38
52 82 81
52 83 69
52 84 10
52 85 32
52 86 11
52 87 54
52 88 20
52 89 80
53 54 11
53 55 35
53 56 45
53 57 81
53 58 5
53 59 36
53 60 15
53 61 29
53 62 25
53 63 11
53 64 1
53 65 15
53 66 82
53 67 45
53 68 90
53 69 7
53 70 54
53 71 38
53 72 14
53 73 59
53 74 44
53 75 15
53 76 95
53 77 34
53 78 21
53 79 29
53 80 68
53 81 85
53 82 88
53 83 45
53 84 95
53 85 28
53 86 31
53 87 8
53 88 60
53 89 62
54 55 91
54 56 9
54 57 11
54 58 69
54 59 7
54 60 3
54 61 51
54 62 70
54 63 72
54 64 43
54 65 79
54 66 40
54 67 69
54 68 55
54 69 82
54 70 18
54 71 17
54 72 20
54 73 93
54 74 6
54 75 59
54 76 78
54 77 71
54 78 44
54 79 72
54 80 88
54 81 67
54 82 19
54 83 43
54 84 21
54 85 85
54 86 45
54 87 22
54 88 90
54 89 71
55 56 69
55 57 14
55 58 9
55 59 83
55 60 2
55 61 73
55 62 57
55 63 45
55 64 31
55 65 81
55 66 96
55 67 81
55 68 39
55 69 47
55 70 13
55 71 75
55 72 43
55 73 96
55 74 36
55 75 80
55 76 1
55 77 84
55 78 82
55 79 51
55 80 26
55 81 50
55 82 24
55 83 58
55 84 68
55 85 62
55 86 58
55 87 46
55 88 93
55 89 87
56 57 36
56 58 6
56 59 91
56 60 43
56 61 49
56 62 23
56 63 64
56 64 33
56 65 3
56 66 59
56 67 75
56 68 45
56 69 49
56 70 60
56 71 31
56 72 62
56 73 64
56 74 18
56 75 52
56 76 6
56 77 29
56 78 69
56 79 89
56 80 57
56 81 93
56 82 88
56 83 2
56 84 99
56 85 60
56 86 26
56 87 72
56 88 54
56 89 65
57 58 56
57 59 96
57 60 83
57 61 61
57 62 14
57 63 80
57 64 1
57 65 81
57 66 43
57 67 90
57 68 3
57 69 76
57 70 78
57 71 89
57 72 77
57 73 21
57 74 73
57 75 11
57 76 6
57 77 70
57 78 23
57 79 16
57 80 18
57 81 16
57 82 96
57 83 37
57 84 70
57 85 46
57 86 86
57 87 84
57 88 52
57 89 48
58 59 37
58 60 55
58 61 55
58 62 45
58 63 94
58 64 21
58 65 62
58 66 0
58 67 29
58 68 19
58 69 41
58 70 67
58 71 39
58 72 91
58 73 1
58 74 30
58 75 81
58 76 41
58 77 31
58 78 10
58 79 16
58 80 39
58 81 46
58 82 54
58 83 9
58 84 45
58 85 95
58 86 37
58 87 91
58 88 22
58 89 7
59 60 83
59 61 86
59 62 40
59 63 60
59 64 33
59 65 32
59 66 69
59 67 24
59 68 59
59 69 13
59 70 72
59 71 32
59 72 28
59 73 25
59 74 66
59 75 8
59 76 62
59 77 32
59 78 4
59 79 11
59 80 4
59 81 94
59 82 68
59 83 89
59 84 58
59 85 3
59 86 42
59 87 68
59 88 26
59 89 82
60 61 97
60 62 77
60 63 76
60 64 77
60 65 57
60 66 97
60 67 29
60 68 0
60 69 76
60 70 90
60 71 81
60 72 13
60 73 86
60 74 77
60 75 16
60 76 74
60 77 17
60 78 5
60 79 7
60 80 87
60 81 98
60 82 60
60 83 93
60 84 19
60 85 98
60 86 88
60 87 28
60 88 96
60 89 85
61 62 55
61 63 83
61 64 54
61 65 86
61 66 26
61 67 18
61 68 18
61 69 81
61 70 58
61 71 25
61 72 54
61 73 79
61 74 36
61 75 97
61 76 82
61 77 58
61 78 86
61 79 26
61 80 93
61 81 12
61 82 68
61 83 40
61 84 20
61 85 18
61 86 53
61 87 20
61 88 63
61 89 29
62 63 41
62 64 79
62 65 84
62 66 96
62 67 14
62 68 56
62 69 43
62 70 39
62 71 79
62 72 44
62 73 86
62 74 72
62 75 62
62 76 50
62 77 3
62 78 54
62 79 41
62 80 3
62 81 15
62 82 49
62 83 37
62 84 95
62 85 43
62 86 69
62 87 50
62 88 85
62 89 48
63 64 22
63 65 20
63 66 23
63 67 18
63 68 98
63 69 4
63 70 35
63 71 60
63 72 75
63 73 16
63 74 13
63 75 76
63 76 5
63 77 52
63 78 9
63 79 43
63 80 79
63 81 33
63 82 45
63 83 74
63 84 2
63 85 32
63 86 67
63 87 37
63 88 12
63 89 26
64 65 50
64 66 10
64 67 94
64 68 60
64 69 50
64 70 8
64 71 42
64 72 33
64 73 53
64 74 33
64 75 77
64 76 0
64 77 30
64 78 28
64 79 64
64 80 76
64 81 43
64 82 33
64 83 4
64 84 81
64 85 61
64 86 9
64 87 95
64 88 12
64 89 67
65 66 11
65 67 61
65 68 36
65 69 15
65 70 3
65 71 44
65 72 28
65 73 68
65 74 28
65 75 92
65 76 56
65 77 16
65 78 90
65 79 80
65 80 75
65 81 23
65 82 19
65 83 11
65 84 96
65 85 77
65 86 54
65 87 11
65 88 55
65 89 94
66 67 20
66 68 54
66 69 67
66 70 83
66 71 66
66 72 70
66 73 63
66 74 89
66 75 27
66 76 40
66 77 67
66 78 95
66 79 80
66 80 33
66 81 12
66 82 63
66 83 58
66 84 0
66 85 21
66 86 39
66 87 83
66 88 31
66 89 74
67 68 17
67 69 6
67 70 66
67 71 52
67 72 6
67 73 0
67 74 81
67 75 60
67 76 28
67 77 64
67 78 54
67 79 80
67 80 27
67 81 94
67 82 53
67 83 38
67 84 59
67 85 29
67 86 40
67 87 37
67 88 22
67 89 47
68 69 63
68 70 29
68 71 21
68 72 31
68 73 15
68 74 65
68 75 1
68 76 80
68 77 2
68 78 35
68 79 18
68 80 64
68 81 47
68 82 59
68 83 78
68 84 42
68 85 20
68 86 44
68 87 12
68 88 82
68 89 10
69 70 62
69 71 90
69 72 69
69 73 6
69 74 0
69 75 49
69 76 64
69 77 21
69 78 82
69 79 34
69 80 59
69 81 97
69 82 47
69 83 83
69 84 58
69 85 5
69 86 62
69 87 13
69 88 89
69 89 27
70 71 91
70 72 80
70 73 6
70 74 53
70 75 66
70 76 88
70 77 84
70 78 20
70 79 71
70 80 71
70 81 1
70 82 0
70 83 48
70 84 4
70 85 44
70 86 8
70 87 96
70 88 59
70 89 21
71 72 8
71 73 71
71 74 32
71 75 68
71 76 7
71 77 51
71 78 5
71 79 1
71 80 15
71 81 76
71 82 22
71 83 40
71 84 23
71 85 75
71 86 33
71 87 12
71 88 30
71 89 48
72 73 88
72 74 42
72 75 40
72 76 85
72 77 82
72 78 36
72 79 36
72 80 40
72 81 8
72 82 67
72 83 62
72 84 81
72 85 65
72 86 78
72 87 71
72 88 38
72 89 67
73 74 88
73 75 34
73 76 84
73 77 30
73 78 35
73 79 68
73 80 39
73 81 30
73 82 40
73 83 2
73 84 36
73 85 90
73 86 4
73 87 0
73 88 8
73 89 75
74 75 3
74 76 42
74 77 94
74 78 62
74 79 94
74 80 21
74 81 63
74 82 5
74 83 58
74 84 51
74 85 74
74 86 81
74 87 15
74 88 68
74 89 36
75 76 25
75 77 86
75 78 75
75 79 60
75 80 98
75 81 98
75 82 96
75 83 5
75 84 32
75 85 78
75 86 57
75 87 80
75 88 99
75 89 43
76 77 6
76 78 96
76 79 51
76 80 92
76 81 58
76 82 24
76 83 71
76 84 78
76 85 79
76 86 34
76 87 9
76 88 75
76 89 20
77 78 90
77 79 88
77 80 45
77 81 87
77 82 68
77 83 27
77 84 44
77 85 58
77 86 90
77 87 18
77 88 7
77 89 76
78 79 80
78 80 62
78 81 28
78 82 0
78 83 98
78 84 18
78 85 37
78 86 59
78 87 83
78 88 34
78 89 3
79 80 6
79 81 40
79 82 77
79 83 81
79 84 78
79 85 83
79 86 76
79 87 9
79 88 42
79 89 93
80 81 36
80 82 94
80 83 11
80 84 52
80 85 27
80 86 66
80 87 89
80 88 72
80 89 81
81 82 70
81 83 75
81 84 46
81 85 98
81 86 12
81 87 63
81 88 59
81 89 37
82 83 96
82 84 48
82 85 60
82 86 78
82 87 24
82 88 72
82 89 73
83 84 54
83 85 23
83 86 2
83 87 31
83 88 11
83 89 95
84 85 52
84 86 26
84 87 61
84 88 39
84 89 33
85 86 5
85 87 61
85 88 19
85 89 83
86 87 12
86 88 97
86 89 21
87 88 3
87 89 11
88 89 15
