0 1 5
0 2 72
0 3 73
0 4 94
0 5 67
0 6 38
0 7 92
0 8 7
0 9 6
0 10 73
0 11 32
0 12 23
0 13 37
0 14 75
0 15 99
0 16 22
0 17 92
0 18 84
0 19 62
0 20 76
0 21 6
0 22 15
0 23 83
0 24 65
0 25 57
0 26 14
0 27 87
0 28 9
0 29 44
1 2 18
1 3 19
1 4 62
1 5 44
1 6 86
1 7 50
1 8 80
1 9 43
1 10 32
1 11 65
1 12 75
1 13 69
1 14 95
1 15 12
1 16 64
1 17 12
1 18 86
1 19 28
1 20 3
1 21 97
1 22 16
1 23 29
1 24 50
1 25 42
1 26 53
1 27 15
1 28 25
1 29 63
2 3 21
2 4 82
2 5 91
2 6 51
2 7 92
2 8 93
2 9 58
2 10 39
2 11 59
2 12 12
2 13 19
2 14 8
2 15 75
2 16 90
2 17 85
2 18 59
2 19 70
2 20 66
2 21 48
2 22 6
2 23 90
2 24 86
2 25 96
2 26 25
2 27 19
2 28 26
2 29 17
3 4 42
3 5 14
3 6 28
3 7 46
3 8 31
3 9 33
3 10 3
3 11 46
3 12 22
3 13 65
3 14 71
3 15 69
3 16 69
3 17 10
3 18 38
3 19 92
3 20 50
3 21 82
3 22 52
3 23 34
3 24 85
3 25 90
3 26 88
3 27 3
3 28 8
3 29 70
4 5 66
4 6 67
4 7 10
4 8 57
4 9 89
4 10 20
4 11 93
4 12 9
4 13 0
4 14 70
4 15 87
4 16 86
4 17 8
4 18 73
4 19 77
4 20 21
4 21 46
4 22 63
4 23 88
4 24 7
4 25 45
4 26 27
4 27 92
4 28 81
4 29 69
5 6 74
5 7 20
5 8 60
5 9 55
5 10 33
5 11 56
5 12 71
5 13 36
5 14 27
5 15 63
5 16 56
5 17 88
5 18 97
5 19 34
5 20 92
5 21 45
5 22 47
5 23 4
5 24 75
5 25 50
5 26 42
5 27 73
5 28 21
5 29 73
6 7 31
6 8 86
6 9 50
6 10 82
6 11 21
6 12 24
6 13 63
6 14 21
6 15 62
6 16 33
6 17 26
6 18 13
6 19 67
6 20 25
6 21 21
6 22 27
6 23 41
6 24 0
6 25 96
6 26 49
6 27 64
6 28 10
6 29 84
7 8 75
7 9 99
7 10 33
7 11 53
7 12 39
7 13 92
7 14 55
7 15 63
7 16 84
7 17 25
7 18 75
7 19 68
7 20 19
7 21 34
7 22 79
7 23 67
7 24 62
7 25 98
7 26 57
7 27 24
7 28 57
7 29 74
8 9 5
8 10 76
8 11 83
8 12 24
8 13 72
8 14 93
8 15 53
8 16 45
8 17 50
8 18 32
8 19 48
8 20 95
8 21 31
8 22 63
8 23 13
8 24 31
8 25 33
8 26 30
8 27 58
8 28 87
8 29 66
9 10 96
9 11 81
9 12 78
9 13 33
9 14 73
9 15 62
9 16 68
9 17 14
9 18 49
9 19 31
9 20 12
9 21 5
9 22 98
9 23 30
9 24 21
9 25 80
9 26 73
9 27 17
9 28 57
9 29 27
10 11 70
10 12 94
10 13 81
10 14 6
10 15 97
10 16 23
10 17 8
10 18 4
10 19 29
10 20 88
10 21 30
10 22 76
10 23 56
10 24 98
10 25 49
10 26 16
10 27 62
10 28 16
10 29 88
11 12 44
11 13 34
11 14 17
11 15 48
11 16 13
11 17 10
11 18 16
11 19 2
11 20 56
11 21 88
11 22 29
11 23 75
11 24 81
11 25 39
11 26 27
11 27 3
11 28 47
11 29 3
12 13 0
12 14 71
12 15 74
12 16 15
12 17 58
12 18 75
12 19 92
12 20 88
12 21 78
12 22 50
12 23 32
12 24 24
12 25 88
12 26 57
12 27 79
12 28 51
12 29 30
13 14 66
13 15 46
13 16 6
13 17 57
13 18 2
13 19 93
13 20 28
13 21 49
13 22 14
13 23 87
13 24 14
13 25 98
13 26 73
13 27 79
13 28 72
13 29 88
14 15 17
14 16 22
14 17 5
14 18 87
14 19 42
14 20 93
14 21 97
14 22 28
14 23 10
14 24 91
14 25 99
14 26 12
14 27 79
14 28 90
14 29 74
15 16 48
15 17 87
15 18 20
15 19 14
15 20 10
15 21 56
15 22 36
15 23 41
15 24 74
15 25 94
15 26 97
15 27 54
15 28 69
15 29 56
16 17 83
16 18 12
16 19 75
16 20 65
16 21 13
16 22 97
16 23 56
16 24 4
16 25 42
16 26 71
16 27 46
16 28 87
16 29 93
17 18 93
17 19 20
17 20 21
17 21 4
17 22 94
17 23 55
17 24 43
17 25 20
17 26 54
17 27 40
17 28 63
17 29 66
18 19 42
18 20 44
18 21 40
18 22 41
18 23 30
18 24 94
18 25 6
18 26 21
18 27 14
18 28 81
18 29 91
19 20 5
19 21 71
19 22 98
19 23 36
19 24 44
19 25 7
19 26 84
19 27 23
19 28 17
19 29 74
20 21 34
20 22 47
20 23 8
20 24 99
20 25 37
20 26 76
20 27 94
20 28 35
20 29 15
21 22 23
21 23 51
21 24 49
21 25 25
21 26 0
21 27 62
21 28 64
21 29 32
22 23 75
22 24 81
22 25 59
22 26 81
22 27 57
22 28 84
22 29 6
23 24 41
23 25 67
23 26 67
23 27 32
23 28 44
23 29 26
24 25 97
24 26 37
24 27 54
24 28 19
24 29 70
25 26 29
25 27 79
25 28 57
25 29 51
26 27 19
26 28 82
26 29 10
27 28 68
27 29 14
28 29 60
