0 1 65
0 2 60
0 3 98
0 4 61
0 5 91
0 6 43
0 7 68
0 8 7
0 9 88
0 10 52
0 11 95
0 12 51
0 13 30
0 14 15
0 15 27
0 16 38
0 17 54
0 18 42
0 19 52
0 20 64
0 21 2
0 22 93
0 23 65
0 24 10
0 25 7
0 26 85
0 27 57
0 28 3
0 29 12
0 30 61
0 31 65
0 32 84
0 33 3
0 34 26
0 35 65
0 36 97
0 37 48
0 38 24
0 39 3
0 40 76
0 41 34
0 42 28
0 43 47
0 44 77
0 45 62
0 46 99
0 47 51
0 48 89
0 49 94
0 50 26
0 51 34
0 52 77
0 53 36
0 54 23
0 55 58
0 56 64
0 57 29
0 58 9
0 59 17
0 60 4
0 61 27
0 62 6
0 63 59
0 64 58
0 65 7
0 66 58
0 67 35
0 68 51
0 69 29
0 70 24
0 71 28
0 72 11
0 73 87
0 74 67
0 75 19
0 76 24
0 77 47
0 78 56
0 79 91
0 80 84
0 81 2
0 82 85
0 83 13
0 84 2
0 85 69
0 86 91
0 87 65
0 88 22
0 89 42
0 90 98
0 91 37
0 92 1
0 93 2
0 94 27
0 95 53
0 96 3
0 97 49
0 98 31
0 99 90
0 100 45
0 101 95
0 102 21
0 103 45
0 104 54
0 105 2
0 106 72
0 107 63
0 108 9
0 109 34
1 2 13
1 3 25
1 4 53
1 5 91
1 6 13
1 7 86
1 8 55
1 9 24
1 10 40
1 11 73
1 12 44
1 13 49
1 14 84
1 15 2
1 16 29
1 17 3
1 18 91
1 19 51
1 20 31
1 21 9
1 22 29
1 23 34
1 24 58
1 25 34
1 26 73
1 27 8
1 28 14
1 29 56
1 30 27
1 31 66
1 32 67
1 33 4
1 34 33
1 35 33
1 36 26
1 37 40
1 38 4
1 39 7
1 40 43
1 41 94
1 42 54
1 43 85
1 44 89
1 45 71
1 46 40
1 47 54
1 48 34
1 49 49
1 50 3
1 51 38
1 52 56
1 53 38
1 54 85
1 55 22
1 56 26
1 57 56
1 58 83
1 59 97
1 60 88
1 61 33
1 62 95
1 63 40
1 64 83
1 65 27
1 66 42
1 67 14
1 68 81
1 69 65
1 70 66
1 71 37
1 72 29
1 73 38
1 74 67
1 75 49
1 76 80
1 77 91
1 78 30
1 79 78
1 80 35
1 81 5
1 82 52
1 83 6
1 84 12
1 85 92
1 86 12
1 87 53
1 88 53
1 89 98
1 90 8
1 91 82
1 92 0
1 93 92
1 94 64
1 95 77
1 96 59
1 97 37
1 98 8
1 99 84
1 100 55
1 101 8
1 102 97
1 103 14
1 104 10
1 105 52
1 106 36
1 107 98
1 108 10
1 109 87
2 3 94
2 4 95
2 5 71
2 6 38
2 7 41
2 8 26
2 9 14
2 10 71
2 11 65
2 12 18
2 13 88
2 14 32
2 15 12
2 16 43
2 17 8
2 18 25
2 19 27
2 20 42
2 21 60
2 22 54
2 23 5
2 24 54
2 25 58
2 26 42
2 27 47
2 28 65
2 29 73
2 30 78
2 31 90
2 32 83
2 33 9
2 34 98
2 35 14
2 36 7
2 37 88
2 38 25
2 39 65
2 40 35
2 41 89
2 42 75
2 43 27
2 44 4
2 45 58
2 46 30
2 47 85
2 48 7
2 49 43
2 50 4
2 51 59
2 52 88
2 53 43
2 54 24
2 55 58
2 56 96
2 57 76
2 58 89
2 59 18
2 60 95
2 61 44
2 62 47
2 63 96
2 64 87
2 65 31
2 66 51
2 67 50
2 68 44
2 69 67
2 70 37
2 71 61
2 72 56
2 73 98
2 74 37
2 75 98
2 76 28
2 77 3
2 78 21
2 79 45
2 80 99
2 81 6
2 82 66
2 83 37
2 84 39
2 85 94
2 86 42
2 87 93
2 88 2
2 89 7
2 90 54
2 91 11
2 92 2
2 93 11
2 94 47
2 95 48
2 96 72
2 97 71
2 98 94
2 99 50
2 100 2
2 101 32
2 102 3
2 103 90
2 104 25
2 105 90
2 106 17
2 107 14
2 108 64
2 109 23
3 4 4
3 5 69
3 6 99
3 7 22
3 8 43
3 9 83
3 10 28
3 11 64
3 12 45
3 13 77
3 14 41
3 15 13
3 16 64
3 17 7
3 18 93
3 19 24
3 20 54
3 21 50
3 22 77
3 23 0
3 24 95
3 25 31
3 26 5
3 27 1
3 28 48
3 29 16
3 30 18
3 31 53
3 32 59
3 33 54
3 34 92
3 35 87
3 36 36
3 37 29
3 38 16
3 39 94
3 40 57
3 41 52
3 42 38
3 43 47
3 44 98
3 45 44
3 46 41
3 47 21
3 48 88
3 49 57
3 50 40
3 51 23
3 52 97
3 53 8
3 54 28
3 55 68
3 56 87
3 57 32
3 58 70
3 59 37
3 60 57
3 61 80
3 62 8
3 63 69
3 64 47
3 65 85
3 66 99
3 67 30
3 68 74
3 69 27
3 70 29
3 71 0
3 72 14
3 73 47
3 74 49
3 75 66
3 76 7
3 77 90
3 78 32
3 79 51
3 80 42
3 81 28
3 82 83
3 83 9
3 84 37
3 85 19
3 86 23
3 87 30
3 88 13
3 89 52
3 90 81
3 91 16
3 92 38
3 93 18
3 94 82
3 95 86
3 96 57
3 97 8
3 98 91
3 99 25
3 100 42
3 101 61
3 102 18
3 103 85
3 104 98
3 105 82
3 106 11
3 107 99
3 108 20
3 109 32
4 5 88
4 6 2
4 7 35
4 8 35
4 9 27
4 10 11
4 11 29
4 12 53
4 13 44
4 14 49
4 15 78
4 16 67
4 17 29
4 18 79
4 19 81
4 20 0
4 21 85
4 22 17
4 23 89
4 24 13
4 25 74
4 26 74
4 27 2
4 28 68
4 29 52
4 30 93
4 31 71
4 32 22
4 33 28
4 34 51
4 35 39
4 36 52
4 37 49
4 38 5
4 39 7
4 40 12
4 41 70
4 42 95
4 43 47
4 44 63
4 45 63
4 46 79
4 47 99
4 48 20
4 49 89
4 50 79
4 51 61
4 52 6
4 53 5
4 54 37
4 55 82
4 56 52
4 57 51
4 58 3
4 59 81
4 60 44
4 61 22
4 62 85
4 63 75
4 64 88
4 65 98
4 66 26
4 67 92
4 68 26
4 69 64
4 70 17
4 71 97
4 72 66
4 73 83
4 74 43
4 75 94
4 76 92
4 77 97
4 78 87
4 79 93
4 80 69
4 81 36
4 82 12
4 83 94
4 84 65
4 85 23
4 86 31
4 87 32
4 88 46
4 89 58
4 90 89
4 91 58
4 92 29
4 93 82
4 94 90
4 95 21
4 96 43
4 97 41
4 98 21
4 99 21
4 100 11
4 101 65
4 102 15
4 103 74
4 104 63
4 105 99
4 106 9
4 107 68
4 108 20
4 109 24
5 6 41
5 7 31
5 8 78
5 9 46
5 10 36
5 11 67
5 12 1
5 13 41
5 14 42
5 15 6
5 16 91
5 17 6
5 18 47
5 19 64
5 20 46
5 21 34
5 22 76
5 23 82
5 24 76
5 25 41
5 26 71
5 27 76
5 28 33
5 29 25
5 30 34
5 31 74
5 32 19
5 33 90
5 34 66
5 35 0
5 36 69
5 37 91
5 38 10
5 39 19
5 40 80
5 41 33
5 42 70
5 43 25
5 44 20
5 45 65
5 46 49
5 47 70
5 48 15
5 49 99
5 50 4
5 51 12
5 52 73
5 53 76
5 54 27
5 55 36
5 56 84
5 57 42
5 58 83
5 59 21
5 60 82
5 61 1
5 62 71
5 63 73
5 64 13
5 65 84
5 66 27
5 67 81
5 68 70
5 69 63
5 70 15
5 71 84
5 72 68
5 73 74
5 74 93
5 75 17
5 76 61
5 77 21
5 78 65
5 79 97
5 80 9
5 81 9
5 82 45
5 83 3
5 84 80
5 85 9
5 86 0
5 87 59
5 88 70
5 89 99
5 90 17
5 91 19
5 92 44
5 93 46
5 94 95
5 95 72
5 96 6
5 97 23
5 98 25
5 99 49
5 100 60
5 101 69
5 102 42
5 103 42
5 104 23
5 105 25
5 106 6
5 107 98
5 108 4
5 109 82
6 7 24
6 8 94
6 9 78
6 10 26
6 11 33
6 12 79
6 13 47
6 14 73
6 15 29
6 16 90
6 17 92
6 18 24
6 19 28
6 20 27
6 21 18
6 22 81
6 23 52
6 24 40
6 25 15
6 26 90
6 27 37
6 28 50
6 29 91
6 30 38
6 31 14
6 32 21
6 33 77
6 34 13
6 35 46
6 36 11
6 37 67
6 38 80
6 39 8
6 40 76
6 41 85
6 42 80
6 43 46
6 44 50
6 45 2
6 46 63
6 47 59
6 48 83
6 49 90
6 50 42
6 51 22
6 52 42
6 53 97
6 54 11
6 55 13
6 56 94
6 57 2
6 58 46
6 59 78
6 60 58
6 61 63
6 62 32
6 63 11
6 64 97
6 65 50
6 66 57
6 67 46
6 68 38
6 69 20
6 70 18
6 71 14
6 72 74
6 73 47
6 74 73
6 75 20
6 76 63
6 77 44
6 78 51
6 79 82
6 80 46
6 81 89
6 82 84
6 83 52
6 84 82
6 85 99
6 86 91
6 87 18
6 88 69
6 89 11
6 90 97
6 91 23
6 92 39
6 93 99
6 94 10
6 95 29
6 96 69
6 97 37
6 98 1
6 99 90
6 100 99
6 101 63
6 102 81
6 103 61
6 104 62
6 105 4
6 106 0
6 107 0
6 108 53
6 109 32
7 8 92
7 9 61
7 10 71
7 11 34
7 12 14
7 13 2
7 14 47
7 15 81
7 16 74
7 17 28
7 18 95
7 19 44
7 20 7
7 21 25
7 22 88
7 23 26
7 24 59
7 25 30
7 26 75
7 27 74
7 28 90
7 29 60
7 30 91
7 31 68
7 32 57
7 33 70
7 34 95
7 35 76
7 36 99
7 37 77
7 38 22
7 39 3
7 40 23
7 41 87
7 42 40
7 43 50
7 44 38
7 45 28
7 46 41
7 47 44
7 48 42
7 49 68
7 50 5
7 51 31
7 52 11
7 53 41
7 54 11
7 55 30
7 56 72
7 57 52
7 58 35
7 59 28
7 60 44
7 61 46
7 62 33
7 63 47
7 64 87
7 65 65
7 66 44
7 67 85
7 68 33
7 69 48
7 70 39
7 71 83
7 72 46
7 73 3
7 74 24
7 75 28
7 76 54
7 77 54
7 78 89
7 79 65
7 80 92
7 81 78
7 82 48
7 83 1
7 84 81
7 85 73
7 86 9
7 87 68
7 88 1
7 89 86
7 90 86
7 91 38
7 92 38
7 93 36
7 94 51
7 95 39
7 96 8
7 97 66
7 98 36
7 99 73
7 100 9
7 101 29
7 102 72
7 103 87
7 104 0
7 105 56
7 106 0
7 107 33
7 108 22
7 109 42
8 9 43
8 10 65
8 11 92
8 12 28
8 13 82
8 14 30
8 15 1
8 16 87
8 17 73
8 18 8
8 19 29
8 20 28
8 21 9
8 22 17
8 23 80
8 24 32
8 25 58
8 26 67
8 27 22
8 28 47
8 29 3
8 30 90
8 31 59
8 32 86
8 33 8
8 34 3
8 35 11
8 36 25
8 37 79
8 38 92
8 39 81
8 40 72
8 41 81
8 42 9
8 43 85
8 44 61
8 45 24
8 46 92
8 47 81
8 48 48
8 49 78
8 50 35
8 51 82
8 52 85
8 53 38
8 54 74
8 55 18
8 56 16
8 57 70
8 58 40
8 59 81
8 60 57
8 61 87
8 62 35
8 63 78
8 64 86
8 65 46
8 66 72
8 67 28
8 68 16
8 69 1
8 70 67
8 71 13
8 72 39
8 73 15
8 74 98
8 75 97
8 76 60
8 77 37
8 78 77
8 79 11
8 80 31
8 81 20
8 82 3
8 83 48
8 84 74
8 85 28
8 86 75
8 87 8
8 88 94
8 89 56
8 90 27
8 91 36
8 92 88
8 93 1
8 94 73
8 95 74
8 96 1
8 97 26
8 98 35
8 99 82
8 100 30
8 101 76
8 102 45
8 103 11
8 104 17
8 105 9
8 106 53
8 107 15
8 108 42
8 109 30
9 10 99
9 11 29
9 12 57
9 13 77
9 14 55
9 15 75
9 16 27
9 17 57
9 18 36
9 19 58
9 20 2
9 21 66
9 22 67
9 23 25
9 24 91
9 25 46
9 26 90
9 27 45
9 28 69
9 29 0
9 30 46
9 31 47
9 32 35
9 33 77
9 34 51
9 35 67
9 36 82
9 37 99
9 38 39
9 39 4
9 40 86
9 41 38
9 42 63
9 43 94
9 44 21
9 45 8
9 46 56
9 47 73
9 48 6
9 49 89
9 50 78
9 51 74
9 52 37
9 53 46
9 54 95
9 55 62
9 56 99
9 57 28
9 58 65
9 59 13
9 60 4
9 61 48
9 62 65
9 63 34
9 64 95
9 65 30
9 66 91
9 67 9
9 68 0
9 69 41
9 70 79
9 71 50
9 72 61
9 73 21
9 74 61
9 75 74
9 76 48
9 77 92
9 78 17
9 79 29
9 80 25
9 81 92
9 82 38
9 83 42
9 84 49
9 85 10
9 86 76
9 87 51
9 88 62
9 89 7
9 90 28
9 91 16
9 92 16
9 93 0
9 94 68
9 95 95
9 96 77
9 97 15
9 98 22
9 99 78
9 100 2
9 101 40
9 102 7
9 103 24
9 104 75
9 105 48
9 106 21
9 107 38
9 108 91
9 109 59
10 11 44
10 12 40
10 13 41
10 14 11
10 15 15
10 16 8
10 17 55
10 18 43
10 19 96
10 20 18
10 21 3
10 22 69
10 23 71
10 24 79
10 25 26
10 26 93
10 27 26
10 28 79
10 29 29
10 30 87
10 31 10
10 32 55
10 33 25
10 34 40
10 35 76
10 36 42
10 37 96
10 38 39
10 39 82
10 40 2
10 41 66
10 42 79
10 43 22
10 44 71
10 45 58
10 46 64
10 47 42
10 48 81
10 49 36
10 50 76
10 51 79
10 52 76
10 53 87
10 54 17
10 55 17
10 56 48
10 57 49
10 58 21
10 59 73
10 60 42
10 61 65
10 62 90
10 63 89
10 64 80
10 65 63
10 66 95
10 67 19
10 68 45
10 69 92
10 70 11
10 71 63
10 72 11
10 73 46
10 74 80
10 75 35
10 76 41
10 77 6
10 78 11
10 79 33
10 80 10
10 81 82
10 82 49
10 83 90
10 84 27
10 85 76
10 86 56
10 87 70
10 88 97
10 89 64
10 90 94
10 91 88
10 92 98
10 93 84
10 94 60
10 95 30
10 96 15
10 97 94
10 98 34
10 99 38
10 100 51
10 101 22
10 102 78
10 103 39
10 104 45
10 105 59
10 106 39
10 107 30
10 108 85
10 109 64
11 12 72
11 13 20
11 14 78
11 15 25
11 16 75
11 17 60
11 18 28
11 19 40
11 20 23
11 21 47
11 22 98
11 23 98
11 24 14
11 25 73
11 26 22
11 27 25
11 28 60
11 29 86
11 30 98
11 31 63
11 32 35
11 33 0
11 34 45
11 35 11
11 36 8
11 37 39
11 38 8
11 39 45
11 40 58
11 41 55
11 42 62
11 43 64
11 44 88
11 45 31
11 46 9
11 47 7
11 48 53
11 49 21
11 50 82
11 51 57
11 52 47
11 53 44
11 54 98
11 55 44
11 56 76
11 57 63
11 58 73
11 59 69
11 60 35
11 61 2
11 62 42
11 63 88
11 64 38
11 65 40
11 66 21
11 67 71
11 68 89
11 69 20
11 70 63
11 71 2
11 72 10
11 73 26
11 74 7
11 75 53
11 76 12
11 77 14
11 78 35
11 79 19
11 80 65
11 81 97
11 82 35
11 83 89
11 84 23
11 85 71
11 86 54
11 87 98
11 88 40
11 89 11
11 90 60
11 91 27
11 92 10
11 93 76
11 94 88
11 95 76
11 96 19
11 97 19
11 98 68
11 99 48
11 100 15
11 101 68
11 102 43
11 103 4
11 104 38
11 105 68
11 106 12
11 107 26
11 108 98
11 109 72
12 13 29
12 14 75
12 15 76
12 16 36
12 17 67
12 18 44
12 19 63
12 20 92
12 21 71
12 22 58
12 23 1
12 24 98
12 25 71
12 26 22
12 27 71
12 28 41
12 29 46
12 30 59
12 31 77
12 32 79
12 33 75
12 34 90
12 35 97
12 36 43
12 37 11
12 38 58
12 39 1
12 40 72
12 41 52
12 42 98
12 43 76
12 44 17
12 45 32
12 46 71
12 47 76
12 48 2
12 49 84
12 50 49
12 51 42
12 52 83
12 53 74
12 54 19
12 55 87
12 56 66
12 57 54
12 58 12
12 59 86
12 60 25
12 61 2
12 62 33
12 63 58
12 64 53
12 65 99
12 66 31
12 67 59
12 68 58
12 69 76
12 70 1
12 71 46
12 72 50
12 73 71
12 74 65
12 75 36
12 76 40
12 77 28
12 78 0
12 79 66
12 80 45
12 81 31
12 82 20
12 83 70
12 84 8
12 85 84
12 86 22
12 87 98
12 88 27
12 89 47
12 90 11
12 91 14
12 92 77
12 93 41
12 94 89
12 95 2
12 96 79
12 97 30
12 98 77
12 99 38
12 100 78
12 101 53
12 102 43
12 103 4
12 104 57
12 105 2
12 106 82
12 107 46
12 108 3
12 109 33
13 14 27
13 15 16
13 16 58
13 17 87
13 18 12
13 19 23
13 20 84
13 21 94
13 22 60
13 23 61
13 24 24
13 25 11
13 26 19
13 27 31
13 28 52
13 29 59
13 30 28
13 31 33
13 32 60
13 33 88
13 34 49
13 35 64
13 36 31
13 37 85
13 38 61
13 39 2
13 40 81
13 41 51
13 42 13
13 43 39
13 44 46
13 45 34
13 46 20
13 47 21
13 48 8
13 49 91
13 50 42
13 51 30
13 52 59
13 53 44
13 54 59
13 55 0
13 56 83
13 57 20
13 58 67
13 59 7
13 60 53
13 61 10
13 62 53
13 63 59
13 64 27
13 65 63
13 66 14
13 67 66
13 68 50
13 69 9
13 70 87
13 71 55
13 72 54
13 73 94
13 74 12
13 75 10
13 76 82
13 77 35
13 78 67
13 79 78
13 80 15
13 81 25
13 82 34
13 83 98
13 84 84
13 85 95
13 86 36
13 87 2
13 88 14
13 89 86
13 90 5
13 91 7
13 92 32
13 93 78
13 94 15
13 95 38
13 96 76
13 97 89
13 98 85
13 99 35
13 100 94
13 101 56
13 102 71
13 103 54
13 104 18
13 105 10
13 106 60
13 107 23
13 108 1
13 109 29
14 15 65
14 16 62
14 17 96
14 18 90
14 19 44
14 20 72
14 21 48
14 22 30
14 23 86
14 24 37
14 25 52
14 26 12
14 27 11
14 28 76
14 29 17
14 30 13
14 31 19
14 32 39
14 33 93
14 34 34
14 35 91
14 36 78
14 37 88
14 38 16
14 39 18
14 40 68
14 41 90
14 42 47
14 43 59
14 44 95
14 45 12
14 46 40
14 47 72
14 48 39
14 49 73
14 50 11
14 51 41
14 52 23
14 53 71
14 54 81
14 55 52
14 56 40
14 57 36
14 58 0
14 59 44
14 60 4
14 61 4
14 62 76
14 63 50
14 64 40
14 65 20
14 66 34
14 67 40
14 68 95
14 69 41
14 70 40
14 71 52
14 72 47
14 73 93
14 74 73
14 75 83
14 76 69
14 77 35
14 78 73
14 79 87
14 80 4
14 81 77
14 82 79
14 83 83
14 84 20
14 85 0
14 86 20
14 87 37
14 88 94
14 89 35
14 90 76
14 91 94
14 92 18
14 93 60
14 94 40
14 95 79
14 96 50
14 97 43
14 98 76
14 99 82
14 100 69
14 101 31
14 102 78
14 103 42
14 104 11
14 105 13
14 106 4
14 107 73
14 108 84
14 109 85
15 16 15
15 17 52
15 18 42
15 19 69
15 20 21
15 21 63
15 22 65
15 23 93
15 24 90
15 25 11
15 26 17
15 27 17
15 28 34
15 29 74
15 30 80
15 31 30
15 32 80
15 33 51
15 34 81
15 35 66
15 36 25
15 37 64
15 38 99
15 39 75
15 40 9
15 41 57
15 42 35
15 43 85
15 44 88
15 45 90
15 46 50
15 47 30
15 48 83
15 49 30
15 50 14
15 51 92
15 52 77
15 53 89
15 54 99
15 55 73
15 56 17
15 57 55
15 58 83
15 59 49
15 60 3
15 61 47
15 62 97
15 63 55
15 64 9
15 65 24
15 66 33
15 67 37
15 68 94
15 69 6
15 70 28
15 71 92
15 72 34
15 73 83
15 74 22
15 75 72
15 76 92
15 77 33
15 78 9
15 79 52
15 80 63
15 81 99
15 82 85
15 83 35
15 84 1
15 85 79
15 86 45
15 87 65
15 88 66
15 89 69
15 90 66
15 91 55
15 92 64
15 93 32
15 94 98
15 95 56
15 96 55
15 97 57
15 98 67
15 99 14
15 100 42
15 101 98
15 102 83
15 103 16
15 104 66
15 105 78
15 106 31
15 107 0
15 108 56
15 109 12
16 17 66
16 18 47
16 19 82
16 20 4
16 21 67
16 22 58
16 23 32
16 24 76
16 25 47
16 26 56
16 27 22
16 28 87
16 29 22
16 30 58
16 31 11
16 32 4
16 33 36
16 34 92
16 35 35
16 36 49
16 37 17
16 38 17
16 39 77
16 40 44
16 41 29
16 42 43
16 43 89
16 44 48
16 45 3
16 46 33
16 47 56
16 48 26
16 49 59
16 50 5
16 51 48
16 52 5
16 53 53
16 54 34
16 55 55
16 56 3
16 57 85
16 58 45
16 59 18
16 60 20
16 61 68
16 62 9
16 63 32
16 64 32
16 65 45
16 66 88
16 67 67
16 68 96
16 69 41
16 70 21
16 71 17
16 72 90
16 73 91
16 74 70
16 75 49
16 76 9
16 77 51
16 78 19
16 79 3
16 80 20
16 81 77
16 82 15
16 83 41
16 84 98
16 85 40
16 86 76
16 87 61
16 88 56
16 89 77
16 90 9
16 91 4
16 92 8
16 93 19
16 94 13
16 95 78
16 96 70
16 97 25
16 98 71
16 99 79
16 100 44
16 101 39
16 102 99
16 103 93
16 104 97
16 105 58
16 106 3
16 107 18
16 108 79
16 109 83
17 18 94
17 19 78
17 20 76
17 21 59
17 22 72
17 23 49
17 24 71
17 25 11
17 26 79
17 27 86
17 28 56
17 29 10
17 30 36
17 31 60
17 32 36
17 33 69
17 34 89
17 35 61
17 36 80
17 37 95
17 38 56
17 39 28
17 40 46
17 41 46
17 42 2
17 43 8
17 44 84
17 45 90
17 46 18
17 47 41
17 48 57
17 49 4
17 50 94
17 51 63
17 52 21
17 53 7
17 54 26
17 55 81
17 56 64
17 57 16
17 58 32
17 59 13
17 60 44
17 61 56
17 62 23
17 63 31
17 64 6
17 65 31
17 66 68
17 67 7
17 68 13
17 69 34
17 70 55
17 71 80
17 72 91
17 73 96
17 74 91
17 75 7
17 76 97
17 77 58
17 78 86
17 79 51
17 80 24
17 81 60
17 82 18
17 83 91
17 84 99
17 85 68
17 86 88
17 87 10
17 88 58
17 89 4
17 90 24
17 91 44
17 92 51
17 93 98
17 94 30
17 95 48
17 96 81
17 97 85
17 98 93
17 99 33
17 100 35
17 101 28
17 102 17
17 103 11
17 104 45
17 105 96
17 106 66
17 107 38
17 108 53
17 109 73
18 19 38
18 20 73
18 21 94
18 22 92
18 23 30
18 24 48
18 25 84
18 26 48
18 27 3
18 28 77
18 29 0
18 30 4
18 31 69
18 32 50
18 33 4
18 34 50
18 35 67
18 36 3
18 37 5
18 38 3
18 39 58
18 40 38
18 41 53
18 42 76
18 43 4
18 44 30
18 45 94
18 46 63
18 47 39
18 48 33
18 49 27
18 50 66
18 51 73
18 52 12
18 53 18
18 54 31
18 55 80
18 56 96
18 57 79
18 58 6
18 59 90
18 60 73
18 61 81
18 62 78
18 63 80
18 64 67
18 65 27
18 66 83
18 67 51
18 68 43
18 69 79
18 70 73
18 71 72
18 72 85
18 73 75
18 74 39
18 75 81
18 76 44
18 77 4
18 78 7
18 79 70
18 80 84
18 81 42
18 82 46
18 83 92
18 84 31
18 85 85
18 86 32
18 87 68
18 88 51
18 89 54
18 90 28
18 91 61
18 92 38
18 93 5
18 94 15
18 95 37
18 96 74
18 97 45
18 98 65
18 99 94
18 100 15
18 101 22
18 102 66
18 103 42
18 104 74
18 105 72
18 106 3
18 107 58
18 108 93
18 109 36
19 20 62
19 21 53
19 22 46
19 23 9
19 24 78
19 25 94
19 26 25
19 27 82
19 28 95
19 29 34
19 30 83
19 31 62
19 32 41
19 33 6
19 34 73
19 35 53
19 36 92
19 37 15
19 38 53
19 39 50
19 40 96
19 41 17
19 42 70
19 43 16
19 44 79
19 45 85
19 46 90
19 47 62
19 48 25
19 49 87
19 50 97
19 51 96
19 52 49
19 53 47
19 54 41
19 55 57
19 56 8
19 57 13
19 58 91
19 59 0
19 60 91
19 61 89
19 62 52
19 63 99
19 64 64
19 65 48
19 66 9
19 67 72
19 68 56
19 69 9
19 70 21
19 71 36
19 72 29
19 73 7
19 74 74
19 75 40
19 76 27
19 77 85
19 78 48
19 79 26
19 80 7
19 81 30
19 82 18
19 83 41
19 84 74
19 85 83
19 86 40
19 87 93
19 88 50
19 89 8
19 90 40
19 91 50
19 92 48
19 93 78
19 94 8
19 95 48
19 96 97
19 97 47
19 98 46
19 99 51
19 100 25
19 101 13
19 102 39
19 103 83
19 104 5
19 105 93
19 106 18
19 107 71
19 108 96
19 109 59
20 21 6
20 22 42
20 23 57
20 24 63
20 25 33
20 26 90
20 27 18
20 28 28
20 29 7
20 30 16
20 31 52
20 32 97
20 33 43
20 34 89
20 35 66
20 36 81
20 37 86
20 38 96
20 39 53
20 40 25
20 41 37
20 42 96
20 43 9
20 44 86
20 45 51
20 46 61
20 47 3
20 48 26
20 49 79
20 50 20
20 51 97
20 52 78
20 53 71
20 54 9
20 55 92
20 56 76
20 57 86
20 58 36
20 59 96
20 60 8
20 61 54
20 62 79
20 63 11
20 64 22
20 65 14
20 66 32
20 67 44
20 68 81
20 69 44
20 70 29
20 71 16
20 72 3
20 73 74
20 74 12
20 75 82
20 76 93
20 77 73
20 78 32
20 79 69
20 80 62
20 81 10
20 82 19
20 83 63
20 84 47
20 85 72
20 86 12
20 87 31
20 88 78
20 89 88
20 90 0
20 91 82
20 92 52
20 93 20
20 94 94
20 95 0
20 96 2
20 97 20
20 98 3
20 99 11
20 100 85
20 101 93
20 102 27
20 103 91
20 104 33
20 105 86
20 106 46
20 107 3
20 108 42
20 109 79
21 22 22
21 23 7
21 24 37
21 25 44
21 26 64
21 27 91
21 28 18
21 29 3
21 30 1
21 31 37
21 32 26
21 33 23
21 34 19
21 35 62
21 36 54
21 37 23
21 38 7
21 39 18
21 40 41
21 41 73
21 42 41
21 43 54
21 44 58
21 45 75
21 46 4
21 47 42
21 48 54
21 49 73
21 50 3
21 51 91
21 52 79
21 53 30
21 54 76
21 55 9
21 56 56
21 57 59
21 58 4
21 59 2
21 60 53
21 61 59
21 62 50
21 63 99
21 64 88
21 65 76
21 66 31
21 67 80
21 68 64
21 69 92
21 70 86
21 71 6
21 72 85
21 73 30
21 74 95
21 75 6
21 76 96
21 77 40
21 78 34
21 79 98
21 80 57
21 81 86
21 82 46
21 83 93
21 84 89
21 85 38
21 86 19
21 87 81
21 88 21
21 89 50
21 90 35
21 91 98
21 92 25
21 93 4
21 94 93
21 95 15
21 96 50
21 97 35
21 98 73
21 99 66
21 100 57
21 101 75
21 102 6
21 103 59
21 104 45
21 105 47
21 106 76
21 107 70
21 108 51
21 109 45
22 23 36
22 24 75
22 25 1
22 26 83
22 27 34
22 28 66
22 29 27
22 30 84
22 31 79
22 32 16
22 33 28
22 34 23
22 35 87
22 36 22
22 37 5
22 38 56
22 39 30
22 40 12
22 41 35
22 42 75
22 43 84
22 44 83
22 45 61
22 46 85
22 47 14
22 48 43
22 49 16
22 50 41
22 51 64
22 52 6
22 53 19
22 54 48
22 55 61
22 56 74
22 57 63
22 58 87
22 59 58
22 60 68
22 61 98
22 62 87
22 63 39
22 64 74
22 65 1
22 66 24
22 67 67
22 68 36
22 69 56
22 70 36
22 71 96
22 72 77
22 73 11
22 74 35
22 75 79
22 76 4
22 77 76
22 78 83
22 79 76
22 80 23
22 81 50
22 82 72
22 83 95
22 84 54
22 85 87
22 86 61
22 87 11
22 88 7
22 89 4
22 90 73
22 91 41
22 92 10
22 93 46
22 94 9
22 95 70
22 96 81
22 97 95
22 98 8
22 99 63
22 100 1
22 101 20
22 102 71
22 103 74
22 104 70
22 105 97
22 106 29
22 107 42
22 108 93
22 109 65
23 24 84
23 25 37
23 26 88
23 27 92
23 28 88
23 29 76
23 30 73
23 31 58
23 32 98
23 33 61
23 34 48
23 35 42
23 36 58
23 37 20
23 38 52
23 39 51
23 40 66
23 41 92
23 42 1
23 43 88
23 44 23
23 45 91
23 46 6
23 47 66
23 48 39
23 49 2
23 50 80
23 51 47
23 52 95
23 53 14
23 54 20
23 55 80
23 56 18
23 57 20
23 58 72
23 59 46
23 60 1
23 61 83
23 62 99
23 63 97
23 64 5
23 65 54
23 66 27
23 67 56
23 68 50
23 69 36
23 70 4
23 71 56
23 72 16
23 73 84
23 74 37
23 75 83
23 76 10
23 77 8
23 78 31
23 79 19
23 80 81
23 81 27
23 82 7
23 83 19
23 84 75
23 85 0
23 86 31
23 87 10
23 88 97
23 89 26
23 90 40
23 91 53
23 92 29
23 93 80
23 94 78
23 95 1
23 96 69
23 97 46
23 98 5
23 99 20
23 100 65
23 101 37
23 102 60
23 103 69
23 104 1
23 105 92
23 106 90
23 107 28
23 108 43
23 109 67
24 25 19
24 26 54
24 27 18
24 28 66
24 29 90
24 30 21
24 31 21
24 32 95
24 33 50
24 34 53
24 35 31
24 36 87
24 37 46
24 38 88
24 39 92
24 40 26
24 41 72
24 42 93
24 43 19
24 44 58
24 45 19
24 46 55
24 47 25
24 48 33
24 49 4
24 50 42
24 51 94
24 52 17
24 53 30
24 54 36
24 55 20
24 56 69
24 57 46
24 58 21
24 59 90
24 60 43
24 61 43
24 62 83
24 63 40
24 64 64
24 65 55
24 66 68
24 67 88
24 68 22
24 69 99
24 70 64
24 71 75
24 72 88
24 73 67
24 74 67
24 75 20
24 76 94
24 77 46
24 78 17
24 79 83
24 80 68
24 81 15
24 82 69
24 83 29
24 84 15
24 85 63
24 86 33
24 87 65
24 88 7
24 89 41
24 90 97
24 91 72
24 92 39
24 93 1
24 94 82
24 95 63
24 96 89
24 97 22
24 98 63
24 99 66
24 100 64
24 101 13
24 102 64
24 103 67
24 104 25
24 105 3
24 106 20
24 107 0
24 108 17
24 109 16
25 26 60
25 27 10
25 28 28
25 29 15
25 30 93
25 31 80
25 32 71
25 33 35
25 34 88
25 35 29
25 36 81
25 37 66
25 38 81
25 39 56
25 40 76
25 41 20
25 42 39
25 43 40
25 44 87
25 45 0
25 46 38
25 47 44
25 48 36
25 49 11
25 50 6
25 51 65
25 52 66
25 53 77
25 54 60
25 55 54
25 56 94
25 57 80
25 58 70
25 59 27
25 60 36
25 61 37
25 62 74
25 63 48
25 64 98
25 65 28
25 66 68
25 67 71
25 68 44
25 69 68
25 70 58
25 71 98
25 72 19
25 73 6
25 74 85
25 75 34
25 76 76
25 77 21
25 78 23
25 79 20
25 80 72
25 81 36
25 82 62
25 83 11
25 84 45
25 85 85
25 86 45
25 87 45
25 88 7
25 89 92
25 90 87
25 91 76
25 92 99
25 93 78
25 94 5
25 95 13
25 96 43
25 97 60
25 98 12
25 99 58
25 100 11
25 101 31
25 102 6
25 103 63
25 104 12
25 105 66
25 106 4
25 107 25
25 108 22
25 109 78
26 27 88
26 28 66
26 29 72
26 30 13
26 31 46
26 32 35
26 33 51
26 34 59
26 35 60
26 36 9
26 37 42
26 38 46
26 39 16
26 40 44
26 41 44
26 42 54
26 43 22
26 44 18
26 45 90
26 46 26
26 47 0
26 48 60
26 49 87
26 50 28
26 51 62
26 52 99
26 53 5
26 54 91
26 55 97
26 56 94
26 57 55
26 58 23
26 59 63
26 60 68
26 61 17
26 62 76
26 63 72
26 64 49
26 65 60
26 66 50
26 67 36
26 68 71
26 69 56
26 70 26
26 71 39
26 72 84
26 73 29
26 74 87
26 75 97
26 76 8
26 77 1
26 78 82
26 79 99
26 80 5
26 81 71
26 82 67
26 83 7
26 84 43
26 85 80
26 86 19
26 87 13
26 88 63
26 89 85
26 90 83
26 91 94
26 92 19
26 93 59
26 94 95
26 95 40
26 96 75
26 97 67
26 98 93
26 99 4
26 100 96
26 101 86
26 102 20
26 103 59
26 104 93
26 105 5
26 106 21
26 107 21
26 108 59
26 109 76
27 28 19
27 29 34
27 30 92
27 31 73
27 32 8
27 33 21
27 34 6
27 35 20
27 36 39
27 37 0
27 38 27
27 39 71
27 40 80
27 41 45
27 42 0
27 43 13
27 44 89
27 45 93
27 46 90
27 47 86
27 48 57
27 49 17
27 50 4
27 51 76
27 52 40
27 53 88
27 54 33
27 55 74
27 56 37
27 57 27
27 58 27
27 59 38
27 60 39
27 61 83
27 62 95
27 63 30
27 64 48
27 65 34
27 66 1
27 67 32
27 68 42
27 69 63
27 70 24
27 71 87
27 72 31
27 73 66
27 74 54
27 75 57
27 76 97
27 77 26
27 78 62
27 79 55
27 80 64
27 81 9
27 82 88
27 83 74
27 84 98
27 85 50
27 86 57
27 87 21
27 88 2
27 89 95
27 90 47
27 91 51
27 92 74
27 93 79
27 94 77
27 95 75
27 96 22
27 97 66
27 98 24
27 99 14
27 100 8
27 101 56
27 102 38
27 103 79
27 104 42
27 105 38
27 106 30
27 107 86
27 108 48
27 109 36
28 29 63
28 30 43
28 31 94
28 32 47
28 33 16
28 34 71
28 35 89
28 36 39
28 37 49
28 38 6
28 39 47
28 40 76
28 41 48
28 42 35
28 43 89
28 44 65
28 45 22
28 46 34
28 47 44
28 48 12
28 49 3
28 50 26
28 51 17
28 52 36
28 53 12
28 54 88
28 55 37
28 56 34
28 57 51
28 58 69
28 59 26
28 60 93
28 61 28
28 62 96
28 63 85
28 64 80
28 65 65
28 66 46
28 67 23
28 68 76
28 69 68
28 70 99
28 71 30
28 72 96
28 73 15
28 74 85
28 75 76
28 76 66
28 77 57
28 78 9
28 79 61
28 80 37
28 81 62
28 82 54
28 83 34
28 84 78
28 85 69
28 86 20
28 87 69
28 88 97
28 89 16
28 90 14
28 91 76
28 92 47
28 93 27
28 94 73
28 95 35
28 96 88
28 97 41
28 98 63
28 99 88
28 100 21
28 101 85
28 102 80
28 103 44
28 104 9
28 105 62
28 106 33
28 107 91
28 108 47
28 109 28
29 30 15
29 31 89
29 32 51
29 33 93
29 34 74
29 35 36
29 36 83
29 37 19
29 38 2
29 39 6
29 40 71
29 41 78
29 42 82
29 43 94
29 44 67
29 45 61
29 46 31
29 47 31
29 48 46
29 49 73
29 50 57
29 51 13
29 52 97
29 53 66
29 54 72
29 55 20
29 56 82
29 57 76
29 58 68
29 59 99
29 60 89
29 61 43
29 62 12
29 63 85
29 64 74
29 65 10
29 66 49
29 67 43
29 68 18
29 69 11
29 70 42
29 71 0
29 72 39
29 73 53
29 74 86
29 75 53
29 76 97
29 77 11
29 78 0
29 79 56
29 80 29
29 81 29
29 82 23
29 83 96
29 84 44
29 85 45
29 86 44
29 87 33
29 88 78
29 89 20
29 90 53
29 91 41
29 92 7
29 93 19
29 94 21
29 95 37
29 96 35
29 97 1
29 98 25
29 99 18
29 100 8
29 101 41
29 102 88
29 103 37
29 104 25
29 105 69
29 106 51
29 107 91
29 108 93
29 109 57
30 31 59
30 32 81
30 33 83
30 34 45
30 35 26
30 36 35
30 37 49
30 38 24
30 39 78
30 40 2
30 41 61
30 42 32
30 43 14
30 44 2
30 45 77
30 46 29
30 47 9
30 48 42
30 49 71
30 50 83
30 51 58
30 52 91
30 53 38
30 54 92
30 55 17
30 56 50
30 57 12
30 58 58
30 59 45
30 60 49
30 61 5
30 62 99
30 63 82
30 64 8
30 65 19
30 66 97
30 67 58
30 68 1
30 69 45
30 70 45
30 71 70
30 72 4
30 73 46
30 74 12
30 75 78
30 76 40
30 77 92
30 78 1
30 79 36
30 80 80
30 81 94
30 82 85
30 83 91
30 84 36
30 85 64
30 86 3
30 87 36
30 88 38
30 89 79
30 90 62
30 91 91
30 92 67
30 93 72
30 94 40
30 95 99
30 96 23
30 97 88
30 98 71
30 99 99
30 100 17
30 101 41
30 102 30
30 103 96
30 104 46
30 105 20
30 106 84
30 107 34
30 108 3
30 109 27
31 32 5
31 33 74
31 34 36
31 35 49
31 36 69
31 37 42
31 38 88
31 39 79
31 40 20
31 41 1
31 42 51
31 43 73
31 44 55
31 45 26
31 46 36
31 47 39
31 48 24
31 49 50
31 50 98
31 51 69
31 52 33
31 53 94
31 54 50
31 55 31
31 56 28
31 57 4
31 58 29
31 59 38
31 60 74
31 61 97
31 62 36
31 63 86
31 64 4
31 65 85
31 66 4
31 67 20
31 68 54
31 69 46
31 70 32
31 71 59
31 72 7
31 73 71
31 74 84
31 75 29
31 76 8
31 77 67
31 78 54
31 79 96
31 80 10
31 81 98
31 82 44
31 83 85
31 84 39
31 85 30
31 86 20
31 87 7
31 88 28
31 89 91
31 90 88
31 91 39
31 92 63
31 93 0
31 94 76
31 95 53
31 96 73
31 97 79
31 98 93
31 99 28
31 100 0
31 101 42
31 102 96
31 103 77
31 104 66
31 105 14
31 106 95
31 107 0
31 108 50
31 109 41
32 33 97
32 34 31
32 35 95
32 36 85
32 37 64
32 38 39
32 39 24
32 40 59
32 41 89
32 42 65
32 43 50
32 44 66
32 45 98
32 46 51
32 47 53
32 48 84
32 49 63
32 50 54
32 51 84
32 52 4
32 53 91
32 54 8
32 55 15
32 56 62
32 57 47
32 58 62
32 59 54
32 60 91
32 61 71
32 62 57
32 63 24
32 64 2
32 65 61
32 66 67
32 67 5
32 68 77
32 69 83
32 70 95
32 71 75
32 72 22
32 73 35
32 74 12
32 75 46
32 76 16
32 77 32
32 78 91
32 79 64
32 80 18
32 81 78
32 82 4
32 83 83
32 84 14
32 85 48
32 86 90
32 87 81
32 88 89
32 89 50
32 90 99
32 91 75
32 92 1
32 93 35
32 94 63
32 95 29
32 96 40
32 97 51
32 98 11
32 99 27
32 100 11
32 101 91
32 102 36
32 103 38
32 104 75
32 105 36
32 106 59
32 107 19
32 108 42
32 109 7
33 34 71
33 35 70
33 36 72
33 37 41
33 38 61
33 39 42
33 40 32
33 41 29
33 42 39
33 43 5
33 44 92
33 45 46
33 46 22
33 47 76
33 48 40
33 49 84
33 50 2
33 51 38
33 52 53
33 53 56
33 54 5
33 55 67
33 56 10
33 57 25
33 58 75
33 59 92
33 60 50
33 61 73
33 62 90
33 63 98
33 64 84
33 65 49
33 66 5
33 67 44
33 68 53
33 69 38
33 70 48
33 71 69
33 72 49
33 73 25
33 74 72
33 75 9
33 76 82
33 77 80
33 78 42
33 79 4
33 80 91
33 81 75
33 82 89
33 83 36
33 84 20
33 85 20
33 86 49
33 87 56
33 88 15
33 89 18
33 90 21
33 91 27
33 92 46
33 93 67
33 94 74
33 95 58
33 96 93
33 97 74
33 98 50
33 99 13
33 100 12
33 101 28
33 102 80
33 103 26
33 104 2
33 105 95
33 106 53
33 107 65
33 108 30
33 109 35
34 35 17
34 36 16
34 37 14
34 38 19
34 39 55
34 40 30
34 41 83
34 42 20
34 43 48
34 44 71
34 45 2
34 46 52
34 47 30
34 48 45
34 49 23
34 50 89
34 51 89
34 52 42
34 53 4
34 54 43
34 55 70
34 56 69
34 57 80
34 58 87
34 59 2
34 60 29
34 61 80
34 62 44
34 63 79
34 64 92
34 65 60
34 66 80
34 67 33
34 68 62
34 69 53
34 70 13
34 71 46
34 72 13
34 73 84
34 74 36
34 75 6
34 76 92
34 77 50
34 78 73
34 79 12
34 80 37
34 81 72
34 82 44
34 83 69
34 84 38
34 85 95
34 86 26
34 87 0
34 88 6
34 89 33
34 90 10
34 91 60
34 92 92
34 93 52
34 94 69
34 95 74
34 96 54
34 97 50
34 98 5
34 99 1
34 100 59
34 101 46
34 102 14
34 103 0
34 104 12
34 105 38
34 106 84
34 107 30
34 108 62
34 109 24
35 36 61
35 37 85
35 38 39
35 39 29
35 40 51
35 41 76
35 42 4
35 43 80
35 44 68
35 45 9
35 46 43
35 47 5
35 48 94
35 49 39
35 50 22
35 51 59
35 52 11
35 53 59
35 54 95
35 55 11
35 56 70
35 57 69
35 58 36
35 59 7
35 60 63
35 61 83
35 62 18
35 63 41
35 64 26
35 65 28
35 66 10
35 67 55
35 68 94
35 69 73
35 70 31
35 71 13
35 72 50
35 73 46
35 74 68
35 75 21
35 76 16
35 77 19
35 78 50
35 79 47
35 80 11
35 81 2
35 82 64
35 83 67
35 84 15
35 85 85
35 86 60
35 87 50
35 88 83
35 89 39
35 90 54
35 91 83
35 92 80
35 93 64
35 94 51
35 95 97
35 96 51
35 97 10
35 98 76
35 99 59
35 100 45
35 101 66
35 102 14
35 103 13
35 104 91
35 105 51
35 106 7
35 107 7
35 108 51
35 109 79
36 37 19
36 38 73
36 39 91
36 40 78
36 41 46
36 42 14
36 43 26
36 44 23
36 45 74
36 46 36
36 47 31
36 48 45
36 49 74
36 50 2
36 51 45
36 52 86
36 53 64
36 54 99
36 55 46
36 56 29
36 57 98
36 58 91
36 59 56
36 60 45
36 61 73
36 62 95
36 63 3
36 64 50
36 65 44
36 66 23
36 67 74
36 68 33
36 69 84
36 70 34
36 71 62
36 72 11
36 73 0
36 74 39
36 75 51
36 76 64
36 77 25
36 78 76
36 79 93
36 80 77
36 81 30
36 82 74
36 83 25
36 84 17
36 85 11
36 86 34
36 87 11
36 88 50
36 89 29
36 90 35
36 91 41
36 92 41
36 93 90
36 94 14
36 95 17
36 96 2
36 97 44
36 98 48
36 99 97
36 100 38
36 101 28
36 102 87
36 103 76
36 104 74
36 105 54
36 106 48
36 107 53
36 108 72
36 109 31
37 38 94
37 39 42
37 40 43
37 41 92
37 42 33
37 43 50
37 44 38
37 45 42
37 46 49
37 47 60
37 48 83
37 49 82
37 50 78
37 51 66
37 52 29
37 53 4
37 54 31
37 55 66
37 56 85
37 57 23
37 58 14
37 59 43
37 60 68
37 61 63
37 62 82
37 63 84
37 64 93
37 65 38
37 66 22
37 67 56
37 68 36
37 69 18
37 70 86
37 71 27
37 72 71
37 73 91
37 74 27
37 75 9
37 76 69
37 77 65
37 78 64
37 79 9
37 80 21
37 81 9
37 82 56
37 83 56
37 84 69
37 85 81
37 86 81
37 87 95
37 88 3
37 89 2
37 90 36
37 91 8
37 92 17
37 93 45
37 94 49
37 95 68
37 96 26
37 97 37
37 98 67
37 99 34
37 100 30
37 101 97
37 102 17
37 103 51
37 104 1
37 105 3
37 106 33
37 107 78
37 108 68
37 109 91
38 39 58
38 40 14
38 41 37
38 42 32
38 43 88
38 44 79
38 45 62
38 46 34
38 47 4
38 48 75
38 49 74
38 50 60
38 51 79
38 52 29
38 53 60
38 54 72
38 55 5
38 56 66
38 57 97
38 58 33
38 59 72
38 60 6
38 61 92
38 62 24
38 63 0
38 64 41
38 65 98
38 66 77
38 67 33
38 68 30
38 69 81
38 70 84
38 71 36
38 72 24
38 73 90
38 74 50
38 75 0
38 76 2
38 77 25
38 78 49
38 79 55
38 80 28
38 81 26
38 82 81
38 83 83
38 84 25
38 85 94
38 86 65
38 87 28
38 88 18
38 89 31
38 90 79
38 91 7
38 92 24
38 93 17
38 94 47
38 95 1
38 96 58
38 97 76
38 98 7
38 99 13
38 100 27
38 101 26
38 102 88
38 103 15
38 104 5
38 105 97
38 106 81
38 107 55
38 108 67
38 109 6
39 40 94
39 41 32
39 42 66
39 43 46
39 44 16
39 45 16
39 46 84
39 47 36
39 48 72
39 49 8
39 50 2
39 51 34
39 52 43
39 53 94
39 54 25
39 55 85
39 56 97
39 57 96
39 58 64
39 59 25
39 60 78
39 61 74
39 62 23
39 63 79
39 64 92
39 65 50
39 66 20
39 67 22
39 68 75
39 69 63
39 70 36
39 71 94
39 72 3
39 73 96
39 74 56
39 75 99
39 76 16
39 77 79
39 78 38
39 79 88
39 80 96
39 81 64
39 82 16
39 83 79
39 84 96
39 85 31
39 86 54
39 87 27
39 88 14
39 89 22
39 90 24
39 91 61
39 92 43
39 93 43
39 94 26
39 95 78
39 96 25
39 97 39
39 98 7
39 99 18
39 100 58
39 101 74
39 102 96
39 103 29
39 104 60
39 105 2
39 106 64
39 107 55
39 108 47
39 109 52
40 41 42
40 42 17
40 43 59
40 44 73
40 45 95
40 46 84
40 47 68
40 48 83
40 49 97
40 50 8
40 51 26
40 52 91
40 53 60
40 54 7
40 55 22
40 56 74
40 57 10
40 58 41
40 59 62
40 60 94
40 61 62
40 62 37
40 63 40
40 64 13
40 65 43
40 66 82
40 67 17
40 68 66
40 69 53
40 70 59
40 71 66
40 72 3
40 73 22
40 74 55
40 75 90
40 76 56
40 77 4
40 78 68
40 79 72
40 80 84
40 81 70
40 82 97
40 83 51
40 84 46
40 85 70
40 86 83
40 87 24
40 88 14
40 89 75
40 90 69
40 91 45
40 92 11
40 93 60
40 94 88
40 95 1
40 96 82
40 97 47
40 98 46
40 99 5
40 100 22
40 101 98
40 102 24
40 103 86
40 104 62
40 105 62
40 106 52
40 107 56
40 108 69
40 109 15
41 42 39
41 43 20
41 44 26
41 45 43
41 46 89
41 47 69
41 48 74
41 49 66
41 50 43
41 51 97
41 52 75
41 53 18
41 54 99
41 55 16
41 56 79
41 57 33
41 58 71
41 59 66
41 60 38
41 61 17
41 62 92
41 63 63
41 64 53
41 65 31
41 66 80
41 67 73
41 68 52
41 69 92
41 70 52
41 71 77
41 72 43
41 73 43
41 74 50
41 75 19
41 76 22
41 77 92
41 78 79
41 79 94
41 80 39
41 81 12
41 82 13
41 83 67
41 84 94
41 85 71
41 86 30
41 87 13
41 88 43
41 89 46
41 90 41
41 91 12
41 92 29
41 93 43
41 94 15
41 95 56
41 96 54
41 97 22
41 98 90
41 99 58
41 100 51
41 101 22
41 102 88
41 103 16
41 104 0
41 105 92
41 106 9
41 107 20
41 108 54
41 109 66
42 43 57
42 44 72
42 45 26
42 46 66
42 47 65
42 48 27
42 49 62
42 50 36
42 51 79
42 52 18
42 53 91
42 54 42
42 55 59
42 56 91
42 57 68
42 58 47
42 59 60
42 60 97
42 61 20
42 62 82
42 63 7
42 64 43
42 65 68
42 66 85
42 67 11
42 68 10
42 69 55
42 70 50
42 71 0
42 72 82
42 73 95
42 74 94
42 75 43
42 76 36
42 77 94
42 78 78
42 79 0
42 80 82
42 81 22
42 82 70
42 83 4
42 84 74
42 85 85
42 86 29
42 87 50
42 88 56
42 89 90
42 90 80
42 91 12
42 92 7
42 93 57
42 94 18
42 95 45
42 96 33
42 97 99
42 98 36
42 99 16
42 100 59
42 101 72
42 102 70
42 103 93
42 104 1
42 105 20
42 106 34
42 107 15
42 108 33
42 109 12
43 44 62
43 45 46
43 46 54
43 47 78
43 48 51
43 49 2
43 50 77
43 51 54
43 52 88
43 53 34
43 54 54
43 55 44
43 56 40
43 57 71
43 58 15
43 59 55
43 60 10
43 61 50
43 62 2
43 63 7
43 64 93
43 65 82
43 66 30
43 67 98
43 68 75
43 69 14
43 70 46
43 71 44
43 72 69
43 73 37
43 74 2
43 75 13
43 76 77
43 77 38
43 78 47
43 79 13
43 80 24
43 81 28
43 82 39
43 83 84
43 84 95
43 85 51
43 86 11
43 87 83
43 88 44
43 89 83
43 90 83
43 91 4
43 92 37
43 93 75
43 94 30
43 95 3
43 96 4
43 97 21
43 98 65
43 99 28
43 100 27
43 101 82
43 102 77
43 103 55
43 104 10
43 105 99
43 106 14
43 107 24
43 108 81
43 109 48
44 45 41
44 46 62
44 47 18
44 48 55
44 49 42
44 50 45
44 51 56
44 52 54
44 53 49
44 54 32
44 55 91
44 56 94
44 57 97
44 58 55
44 59 74
44 60 92
44 61 88
44 62 40
44 63 84
44 64 85
44 65 44
44 66 92
44 67 59
44 68 11
44 69 10
44 70 48
44 71 64
44 72 0
44 73 8
44 74 33
44 75 95
44 76 40
44 77 99
44 78 93
44 79 70
44 80 72
44 81 60
44 82 41
44 83 35
44 84 31
44 85 0
44 86 49
44 87 23
44 88 61
44 89 17
44 90 14
44 91 43
44 92 2
44 93 93
44 94 41
44 95 1
44 96 11
44 97 44
44 98 59
44 99 83
44 100 6
44 101 71
44 102 33
44 103 69
44 104 72
44 105 29
44 106 47
44 107 2
44 108 93
44 109 96
45 46 59
45 47 17
45 48 35
45 49 28
45 50 30
45 51 37
45 52 69
45 53 4
45 54 31
45 55 26
45 56 26
45 57 58
45 58 69
45 59 3
45 60 29
45 61 15
45 62 55
45 63 63
45 64 7
45 65 36
45 66 51
45 67 57
45 68 26
45 69 58
45 70 8
45 71 19
45 72 71
45 73 38
45 74 57
45 75 74
45 76 48
45 77 55
45 78 37
45 79 61
45 80 40
45 81 2
45 82 65
45 83 21
45 84 17
45 85 29
45 86 10
45 87 42
45 88 99
45 89 58
45 90 89
45 91 96
45 92 11
45 93 85
45 94 2
45 95 17
45 96 40
45 97 24
45 98 30
45 99 18
45 100 51
45 101 26
45 102 86
45 103 23
45 104 79
45 105 13
45 106 89
45 107 14
45 108 17
45 109 82
46 47 14
46 48 99
46 49 10
46 50 65
46 51 69
46 52 63
46 53 43
46 54 18
46 55 92
46 56 49
46 57 34
46 58 89
46 59 63
46 60 85
46 61 53
46 62 1
46 63 17
46 64 29
46 65 42
46 66 76
46 67 26
46 68 88
46 69 80
46 70 46
46 71 84
46 72 31
46 73 26
46 74 59
46 75 87
46 76 30
46 77 55
46 78 89
46 79 60
46 80 92
46 81 80
46 82 17
46 83 52
46 84 59
46 85 23
46 86 94
46 87 87
46 88 46
46 89 58
46 90 23
46 91 67
46 92 25
46 93 57
46 94 29
46 95 38
46 96 98
46 97 66
46 98 52
46 99 53
46 100 38
46 101 60
46 102 42
46 103 53
46 104 87
46 105 31
46 106 92
46 107 75
46 108 9
46 109 85
47 48 55
47 49 38
47 50 4
47 51 15
47 52 81
47 53 36
47 54 58
47 55 49
47 56 82
47 57 63
47 58 30
47 59 17
47 60 41
47 61 44
47 62 99
47 63 68
47 64 73
47 65 62
47 66 40
47 67 26
47 68 71
47 69 88
47 70 51
47 71 71
47 72 46
47 73 89
47 74 14
47 75 17
47 76 50
47 77 25
47 78 39
47 79 79
47 80 63
47 81 52
47 82 23
47 83 56
47 84 98
47 85 17
47 86 97
47 87 81
47 88 70
47 89 83
47 90 36
47 91 3
47 92 45
47 93 56
47 94 89
47 95 70
47 96 9
47 97 71
47 98 25
47 99 20
47 100 94
47 101 87
47 102 86
47 103 14
47 104 46
47 105 32
47 106 98
47 107 7
47 108 6
47 109 73
48 49 8
48 50 89
48 51 12
48 52 40
48 53 73
48 54 23
48 55 10
48 56 99
48 57 43
48 58 91
48 59 44
48 60 70
48 61 29
48 62 88
48 63 44
48 64 56
48 65 29
48 66 25
48 67 8
48 68 55
48 69 89
48 70 44
48 71 82
48 72 62
48 73 66
48 74 23
48 75 37
48 76 16
48 77 96
48 78 40
48 79 87
48 80 23
48 81 29
48 82 66
48 83 26
48 84 27
48 85 57
48 86 66
48 87 97
48 88 16
48 89 77
48 90 72
48 91 70
48 92 6
48 93 21
48 94 5
48 95 61
48 96 77
48 97 61
48 98 83
48 99 52
48 100 77
48 101 51
48 102 36
48 103 60
48 104 36
48 105 90
48 106 39
48 107 20
48 108 29
48 109 60
49 50 8
49 51 59
49 52 82
49 53 94
49 54 8
49 55 85
49 56 25
49 57 8
49 58 55
49 59 18
49 60 92
49 61 15
49 62 41
49 63 20
49 64 61
49 65 81
49 66 6
49 67 0
49 68 38
49 69 48
49 70 16
49 71 19
49 72 20
49 73 84
49 74 57
49 75 5
49 76 7
49 77 43
49 78 28
49 79 72
49 80 26
49 81 58
49 82 40
49 83 77
49 84 34
49 85 6
49 86 78
49 87 93
49 88 67
49 89 34
49 90 87
49 91 51
49 92 40
49 93 88
49 94 54
49 95 60
49 96 34
49 97 62
49 98 27
49 99 70
49 100 70
49 101 32
49 102 13
49 103 79
49 104 33
49 105 71
49 106 87
49 107 60
49 108 73
49 109 45
50 51 18
50 52 94
50 53 4
50 54 8
50 55 14
50 56 56
50 57 26
50 58 24
50 59 89
50 60 28
50 61 73
50 62 12
50 63 7
50 64 56
50 65 78
50 66 37
50 67 67
50 68 63
50 69 71
50 70 80
50 71 70
50 72 22
50 73 83
50 74 59
50 75 56
50 76 45
50 77 29
50 78 38
50 79 12
50 80 90
50 81 59
50 82 30
50 83 40
50 84 74
50 85 60
50 86 76
50 87 18
50 88 29
50 89 91
50 90 27
50 91 85
50 92 87
50 93 36
50 94 43
50 95 75
50 96 58
50 97 19
50 98 44
50 99 85
50 100 71
50 101 46
50 102 0
50 103 77
50 104 76
50 105 1
50 106 58
50 107 53
50 108 18
50 109 19
51 52 63
51 53 71
51 54 34
51 55 94
51 56 69
51 57 6
51 58 9
51 59 56
51 60 15
51 61 38
51 62 24
51 63 42
51 64 46
51 65 74
51 66 5
51 67 84
51 68 97
51 69 4
51 70 41
51 71 8
51 72 47
51 73 86
51 74 97
51 75 35
51 76 1
51 77 21
51 78 36
51 79 18
51 80 97
51 81 85
51 82 12
51 83 51
51 84 61
51 85 0
51 86 3
51 87 55
51 88 2
51 89 30
51 90 76
51 91 2
51 92 9
51 93 49
51 94 7
51 95 94
51 96 1
51 97 91
51 98 40
51 99 71
51 100 29
51 101 32
51 102 9
51 103 9
51 104 15
51 105 32
51 106 63
51 107 57
51 108 21
51 109 62
52 53 9
52 54 19
52 55 16
52 56 16
52 57 16
52 58 70
52 59 84
52 60 55
52 61 56
52 62 74
52 63 51
52 64 53
52 65 37
52 66 55
52 67 16
52 68 43
52 69 76
52 70 44
52 71 98
52 72 63
52 73 72
52 74 76
52 75 89
52 76 0
52 77 84
52 78 43
52 79 78
52 80 43
52 81 87
52 82 71
52 83 88
52 84 4
52 85 70
52 86 82
52 87 67
52 88 97
52 89 0
52 90 53
52 91 79
52 92 56
52 93 40
52 94 68
52 95 99
52 96 54
52 97 45
52 98 67
52 99 76
52 100 21
52 101 15
52 102 70
52 103 8
52 104 18
52 105 84
52 106 25
52 107 8
52 108 84
52 109 7
53 54 50
53 55 40
53 56 21
53 57 91
53 58 50
53 59 46
53 60 53
53 61 80
53 62 99
53 63 92
53 64 32
53 65 11
53 66 16
53 67 53
53 68 74
53 69 74
53 70 24
53 71 32
53 72 66
53 73 48
53 74 75
53 75 84
53 76 78
53 77 90
53 78 43
53 79 72
53 80 55
53 81 70
53 82 7
53 83 64
53 84 22
53 85 46
53 86 58
53 87 8
53 88 85
53 89 95
53 90 27
53 91 66
53 92 14
53 93 56
53 94 53
53 95 29
53 96 10
53 97 52
53 98 0
53 99 59
53 100 47
53 101 34
53 102 29
53 103 96
53 104 49
53 105 84
53 106 71
53 107 73
53 108 32
53 109 89
54 55 96
54 56 67
54 57 10
54 58 23
54 59 58
54 60 74
54 61 99
54 62 78
54 63 67
54 64 59
54 65 83
54 66 10
54 67 88
54 68 66
54 69 81
54 70 30
54 71 7
54 72 42
54 73 27
54 74 33
54 75 1
54 76 43
54 77 71
54 78 40
54 79 31
54 80 66
54 81 55
54 82 45
54 83 61
54 84 88
54 85 15
54 86 37
54 87 63
54 88 88
54 89 80
54 90 59
54 91 98
54 92 67
54 93 46
54 94 12
54 95 74
54 96 4
54 97 88
54 98 91
54 99 7
54 100 56
54 101 86
54 102 20
54 103 81
54 104 94
54 105 48
54 106 87
54 107 47
54 108 94
54 109 3
55 56 98
55 57 80
55 58 75
55 59 71
55 60 13
55 61 72
55 62 23
55 63 42
55 64 66
55 65 78
55 66 6
55 67 4
55 68 88
55 69 30
55 70 43
55 71 36
55 72 26
55 73 63
55 74 23
55 75 9
55 76 89
55 77 36
55 78 71
55 79 86
55 80 33
55 81 29
55 82 42
55 83 39
55 84 40
55 85 93
55 86 3
55 87 98
55 88 32
55 89 37
55 90 31
55 91 46
55 92 24
55 93 13
55 94 15
55 95 51
55 96 60
55 97 34
55 98 86
55 99 58
55 100 29
55 101 63
55 102 88
55 103 31
55 104 50
55 105 92
55 106 79
55 107 94
55 108 15
55 109 12
56 57 2
56 58 92
56 59 85
56 60 83
56 61 86
56 62 19
56 63 65
56 64 74
56 65 8
56 66 86
56 67 47
56 68 32
56 69 70
56 70 63
56 71 87
56 72 18
56 73 25
56 74 43
56 75 93
56 76 64
56 77 62
56 78 56
56 79 42
56 80 47
56 81 28
56 82 2
56 83 4
56 84 7
56 85 38
56 86 46
56 87 78
56 88 91
56 89 9
56 90 10
56 91 64
56 92 67
56 93 0
56 94 63
56 95 76
56 96 7
56 97 60
56 98 79
56 99 26
56 100 67
56 101 36
56 102 49
56 103 92
56 104 85
56 105 25
56 106 68
56 107 16
56 108 47
56 109 40
57 58 2
57 59 65
57 60 21
57 61 47
57 62 26
57 63 26
57 64 12
57 65 95
57 66 35
57 67 69
57 68 78
57 69 23
57 70 35
57 71 44
57 72 98
57 73 15
57 74 54
57 75 28
57 76 16
57 77 51
57 78 36
57 79 33
57 80 1
57 81 22
57 82 98
57 83 90
57 84 56
57 85 84
57 86 36
57 87 32
57 88 25
57 89 56
57 90 9
57 91 75
57 92 53
57 93 99
57 94 51
57 95 90
57 96 24
57 97 31
57 98 1
57 99 50
57 100 50
57 101 95
57 102 83
57 103 77
57 104 44
57 105 83
57 106 17
57 107 29
57 108 84
57 109 47
58 59 75
58 60 69
58 61 32
58 62 38
58 63 41
58 64 49
58 65 48
58 66 86
58 67 98
58 68 61
58 69 49
58 70 57
58 71 27
58 72 76
58 73 81
58 74 8
58 75 84
58 76 77
58 77 67
58 78 42
58 79 61
58 80 72
58 81 0
58 82 78
58 83 32
58 84 65
58 85 99
58 86 97
58 87 42
58 88 81
58 89 43
58 90 77
58 91 72
58 92 82
58 93 60
58 94 75
58 95 39
58 96 34
58 97 41
58 98 34
58 99 10
58 100 78
58 101 57
58 102 8
58 103 66
58 104 53
58 105 99
58 106 44
58 107 7
58 108 29
58 109 79
59 60 76
59 61 48
59 62 88
59 63 73
59 64 60
59 65 5
59 66 99
59 67 51
59 68 87
59 69 12
59 70 9
59 71 75
59 72 6
59 73 49
59 74 27
59 75 37
59 76 11
59 77 47
59 78 48
59 79 40
59 80 72
59 81 9
59 82 71
59 83 5
59 84 9
59 85 88
59 86 11
59 87 86
59 88 79
59 89 97
59 90 85
59 91 60
59 92 46
59 93 2
59 94 28
59 95 57
59 96 52
59 97 73
59 98 50
59 99 85
59 100 14
59 101 33
59 102 7
59 103 95
59 104 14
59 105 29
59 106 33
59 107 84
59 108 31
59 109 56
60 61 91
60 62 67
60 63 54
60 64 57
60 65 46
60 66 31
60 67 28
60 68 62
60 69 91
60 70 49
60 71 37
60 72 40
60 73 27
60 74 60
60 75 94
60 76 84
60 77 91
60 78 35
60 79 96
60 80 86
60 81 2
60 82 86
60 83 31
60 84 90
60 85 82
60 86 81
60 87 35
60 88 82
60 89 32
60 90 58
60 91 41
60 92 30
60 93 88
60 94 49
60 95 14
60 96 42
60 97 15
60 98 83
60 99 53
60 100 23
60 101 6
60 102 42
60 103 46
60 104 79
60 105 41
60 106 16
60 107 37
60 108 81
60 109 16
61 62 86
61 63 99
61 64 90
61 65 67
61 66 71
61 67 55
61 68 58
61 69 64
61 70 16
61 71 76
61 72 10
61 73 38
61 74 16
61 75 44
61 76 32
61 77 75
61 78 61
61 79 65
61 80 16
61 81 66
61 82 72
61 83 53
61 84 40
61 85 80
61 86 76
61 87 28
61 88 47
61 89 15
61 90 46
61 91 73
61 92 68
61 93 85
61 94 25
61 95 8
61 96 30
61 97 54
61 98 54
61 99 76
61 100 65
61 101 53
61 102 86
61 103 19
61 104 37
61 105 22
61 106 85
61 107 27
61 108 36
61 109 73
62 63 39
62 64 53
62 65 85
62 66 69
62 67 11
62 68 98
62 69 68
62 70 65
62 71 70
62 72 43
62 73 80
62 74 73
62 75 34
62 76 39
62 77 92
62 78 82
62 79 59
62 80 22
62 81 63
62 82 81
62 83 23
62 84 25
62 85 51
62 86 84
62 87 1
62 88 28
62 89 36
62 90 17
62 91 79
62 92 45
62 93 74
62 94 93
62 95 8
62 96 10
62 97 34
62 98 52
62 99 83
62 100 87
62 101 7
62 102 89
62 103 66
62 104 82
62 105 50
62 106 85
62 107 47
62 108 59
62 109 6
63 64 10
63 65 21
63 66 17
63 67 76
63 68 5
63 69 81
63 70 50
63 71 63
63 72 80
63 73 34
63 74 86
63 75 6
63 76 29
63 77 18
63 78 34
63 79 6
63 80 71
63 81 33
63 82 54
63 83 53
63 84 76
63 85 98
63 86 1
63 87 57
63 88 81
63 89 49
63 90 91
63 91 41
63 92 96
63 93 54
63 94 16
63 95 1
63 96 2
63 97 43
63 98 44
63 99 18
63 100 97
63 101 10
63 102 28
63 103 65
63 104 70
63 105 26
63 106 7
63 107 24
63 108 2
63 109 60
64 65 4
64 66 51
64 67 57
64 68 73
64 69 78
64 70 69
64 71 93
64 72 33
64 73 18
64 74 59
64 75 79
64 76 21
64 77 69
64 78 86
64 79 26
64 80 5
64 81 65
64 82 34
64 83 14
64 84 1
64 85 84
64 86 30
64 87 58
64 88 52
64 89 48
64 90 74
64 91 76
64 92 98
64 93 78
64 94 28
64 95 1
64 96 34
64 97 90
64 98 12
64 99 85
64 100 59
64 101 42
64 102 40
64 103 76
64 104 6
64 105 71
64 106 66
64 107 76
64 108 30
64 109 55
65 66 78
65 67 44
65 68 63
65 69 98
65 70 1
65 71 50
65 72 26
65 73 80
65 74 4
65 75 40
65 76 32
65 77 74
65 78 53
65 79 64
65 80 18
65 81 46
65 82 14
65 83 91
65 84 82
65 85 33
65 86 56
65 87 54
65 88 95
65 89 52
65 90 0
65 91 13
65 92 77
65 93 6
65 94 43
65 95 54
65 96 0
65 97 54
65 98 48
65 99 19
65 100 69
65 101 45
65 102 69
65 103 40
65 104 99
65 105 51
65 106 2
65 107 70
65 108 91
65 109 86
66 67 47
66 68 51
66 69 29
66 70 6
66 71 75
66 72 27
66 73 7
66 74 82
66 75 12
66 76 4
66 77 73
66 78 16
66 79 4
66 80 78
66 81 68
66 82 94
66 83 1
66 84 59
66 85 38
66 86 32
66 87 71
66 88 51
66 89 16
66 90 88
66 91 69
66 92 91
66 93 1
66 94 17
66 95 90
66 96 76
66 97 69
66 98 62
66 99 83
66 100 93
66 101 1
66 102 80
66 103 67
66 104 20
66 105 75
66 106 46
66 107 79
66 108 51
66 109 88
67 68 9
67 69 91
67 70 96
67 71 62
67 72 4
67 73 1
67 74 18
67 75 21
67 76 45
67 77 69
67 78 70
67 79 34
67 80 51
67 81 54
67 82 32
67 83 3
67 84 8
67 85 1
67 86 9
67 87 62
67 88 20
67 89 58
67 90 85
67 91 53
67 92 56
67 93 99
67 94 34
67 95 28
67 96 11
67 97 76
67 98 20
67 99 20
67 100 34
67 101 91
67 102 24
67 103 15
67 104 56
67 105 79
67 106 82
67 107 69
67 108 76
67 109 3
68 69 92
68 70 49
68 71 24
68 72 96
68 73 28
68 74 77
68 75 24
68 76 80
68 77 15
68 78 1
68 79 87
68 80 49
68 81 19
68 82 31
68 83 33
68 84 68
68 85 84
68 86 46
68 87 71
68 88 90
68 89 10
68 90 1
68 91 38
68 92 49
68 93 59
68 94 70
68 95 86
68 96 87
68 97 10
68 98 68
68 99 81
68 100 92
68 101 78
68 102 81
68 103 86
68 104 99
68 105 85
68 106 40
68 107 54
68 108 68
68 109 1
69 70 34
69 71 69
69 72 30
69 73 86
69 74 95
69 75 26
69 76 37
69 77 78
69 78 6
69 79 42
69 80 29
69 81 83
69 82 49
69 83 63
69 84 63
69 85 99
69 86 41
69 87 19
69 88 64
69 89 7
69 90 31
69 91 32
69 92 11
69 93 72
69 94 60
69 95 92
69 96 92
69 97 84
69 98 23
69 99 88
69 100 95
69 101 35
69 102 95
69 103 41
69 104 96
69 105 22
69 106 47
69 107 22
69 108 42
69 109 69
70 71 71
70 72 73
70 73 40
70 74 55
70 75 1
70 76 18
70 77 40
70 78 50
70 79 30
70 80 87
70 81 5
70 82 29
70 83 85
70 84 30
70 85 55
70 86 56
70 87 1
70 88 95
70 89 81
70 90 33
70 91 53
70 92 98
70 93 56
70 94 87
70 95 8
70 96 27
70 97 42
70 98 47
70 99 72
70 100 28
70 101 53
70 102 51
70 103 4
70 104 3
70 105 22
70 106 59
70 107 61
70 108 76
70 109 42
71 72 35
71 73 86
71 74 73
71 75 63
71 76 22
71 77 76
71 78 56
71 79 58
71 80 69
71 81 1
71 82 48
71 83 56
71 84 50
71 85 21
71 86 5
71 87 24
71 88 58
71 89 53
71 90 22
71 91 55
71 92 1
71 93 73
71 94 28
71 95 15
71 96 8
71 97 14
71 98 84
71 99 62
71 100 98
71 101 30
71 102 26
71 103 28
71 104 58
71 105 87
71 106 21
71 107 78
71 108 75
71 109 23
72 73 75
72 74 12
72 75 70
72 76 0
72 77 58
72 78 96
72 79 49
72 80 61
72 81 7
72 82 4
72 83 73
72 84 12
72 85 26
72 86 15
72 87 15
72 88 18
72 89 94
72 90 47
72 91 33
72 92 3
72 93 13
72 94 77
72 95 44
72 96 98
72 97 0
72 98 49
72 99 26
72 100 6
72 101 14
72 102 55
72 103 98
72 104 25
72 105 84
72 106 32
72 107 50
72 108 11
72 109 75
73 74 63
73 75 94
73 76 81
73 77 54
73 78 31
73 79 1
73 80 87
73 81 77
73 82 51
73 83 41
73 84 0
73 85 36
73 86 23
73 87 79
73 88 56
73 89 82
73 90 48
73 91 31
73 92 86
73 93 41
73 94 1
73 95 36
73 96 38
73 97 28
73 98 43
73 99 35
73 100 63
73 101 36
73 102 89
73 103 52
73 104 79
73 105 66
73 106 45
73 107 40
73 108 37
73 109 15
74 75 6
74 76 43
74 77 25
74 78 43
74 79 74
74 80 6
74 81 25
74 82 50
74 83 58
74 84 63
74 85 28
74 86 23
74 87 55
74 88 6
74 89 40
74 90 55
74 91 99
74 92 33
74 93 15
74 94 73
74 95 67
74 96 38
74 97 18
74 98 8
74 99 30
74 100 87
74 101 49
74 102 80
74 103 0
74 104 90
74 105 44
74 106 24
74 107 30
74 108 11
74 109 43
75 76 31
75 77 81
75 78 0
75 79 91
75 80 10
75 81 34
75 82 9
75 83 44
75 84 20
75 85 10
75 86 63
75 87 42
75 88 65
75 89 57
75 90 53
75 91 4
75 92 50
75 93 96
75 94 55
75 95 67
75 96 99
75 97 84
75 98 47
75 99 56
75 100 84
75 101 42
75 102 80
75 103 32
75 104 82
75 105 88
75 106 30
75 107 48
75 108 65
75 109 67
76 77 66
76 78 77
76 79 62
76 80 51
76 81 54
76 82 46
76 83 27
76 84 58
76 85 87
76 86 73
76 87 9
76 88 3
76 89 3
76 90 48
76 91 50
76 92 37
76 93 68
76 94 46
76 95 52
76 96 25
76 97 22
76 98 15
76 99 25
76 100 84
76 101 15
76 102 55
76 103 58
76 104 84
76 105 78
76 106 48
76 107 84
76 108 31
76 109 47
77 78 80
77 79 0
77 80 16
77 81 37
77 82 79
77 83 49
77 84 16
77 85 65
77 86 35
77 87 77
77 88 17
77 89 9
77 90 37
77 91 0
77 92 5
77 93 42
77 94 83
77 95 80
77 96 11
77 97 1
77 98 49
77 99 5
77 100 60
77 101 88
77 102 5
77 103 77
77 104 61
77 105 6
77 106 17
77 107 89
77 108 69
77 109 72
78 79 97
78 80 3
78 81 74
78 82 95
78 83 44
78 84 78
78 85 27
78 86 38
78 87 47
78 88 65
78 89 98
78 90 67
78 91 64
78 92 52
78 93 79
78 94 69
78 95 93
78 96 63
78 97 73
78 98 75
78 99 31
78 100 23
78 101 9
78 102 81
78 103 31
78 104 97
78 105 0
78 106 98
78 107 85
78 108 28
78 109 96
79 80 58
79 81 23
79 82 84
79 83 55
79 84 55
79 85 12
79 86 24
79 87 66
79 88 4
79 89 14
79 90 85
79 91 83
79 92 40
79 93 40
79 94 19
79 95 5
79 96 32
79 97 17
79 98 3
79 99 32
79 100 12
79 101 56
79 102 21
79 103 76
79 104 7
79 105 82
79 106 50
79 107 6
79 108 45
79 109 33
80 81 90
80 82 74
80 83 1
80 84 28
80 85 20
80 86 24
80 87 4
80 88 57
80 89 3
80 90 88
80 91 59
80 92 52
80 93 75
80 94 85
80 95 0
80 96 60
80 97 86
80 98 26
80 99 72
80 100 82
80 101 92
80 102 56
80 103 11
80 104 87
80 105 7
80 106 48
80 107 56
80 108 60
80 109 9
81 82 14
81 83 46
81 84 47
81 85 55
81 86 16
81 87 79
81 88 24
81 89 42
81 90 58
81 91 15
81 92 17
81 93 19
81 94 96
81 95 90
81 96 48
81 97 73
81 98 47
81 99 82
81 100 78
81 101 14
81 102 45
81 103 67
81 104 10
81 105 64
81 106 31
81 107 98
81 108 56
81 109 42
82 83 52
82 84 67
82 85 61
82 86 2
82 87 39
82 88 59
82 89 69
82 90 93
82 91 76
82 92 58
82 93 73
82 94 78
82 95 86
82 96 10
82 97 73
82 98 33
82 99 78
82 100 23
82 101 35
82 102 0
82 103 16
82 104 79
82 105 96
82 106 43
82 107 96
82 108 75
82 109 76
83 84 67
83 85 44
83 86 49
83 87 9
83 88 96
83 89 77
83 90 16
83 91 49
83 92 33
83 93 4
83 94 51
83 95 14
83 96 46
83 97 38
83 98 86
83 99 56
83 100 40
83 101 71
83 102 61
83 103 71
83 104 8
83 105 36
83 106 19
83 107 36
83 108 15
83 109 12
84 85 78
84 86 79
84 87 2
84 88 10
84 89 86
84 90 22
84 91 89
84 92 77
84 93 28
84 94 64
84 95 90
84 96 33
84 97 28
84 98 3
84 99 27
84 100 30
84 101 74
84 102 47
84 103 5
84 104 79
84 105 13
84 106 94
84 107 38
84 108 30
84 109 12
85 86 82
85 87 73
85 88 61
85 89 28
85 90 46
85 91 70
85 92 27
85 93 16
85 94 1
85 95 66
85 96 33
85 97 55
85 98 78
85 99 78
85 100 15
85 101 2
85 102 86
85 103 21
85 104 68
85 105 78
85 106 96
85 107 99
85 108 87
85 109 50
86 87 63
86 88 75
86 89 14
86 90 53
86 91 61
86 92 55
86 93 52
86 94 94
86 95 17
86 96 10
86 97 88
86 98 86
86 99 65
86 100 80
86 101 78
86 102 82
86 103 66
86 104 6
86 105 74
86 106 8
86 107 13
86 108 80
86 109 88
87 88 74
87 89 59
87 90 23
87 91 15
87 92 24
87 93 81
87 94 71
87 95 98
87 96 15
87 97 24
87 98 5
87 99 27
87 100 87
87 101 38
87 102 2
87 103 77
87 104 45
87 105 72
87 106 74
87 107 15
87 108 97
87 109 61
88 89 13
88 90 92
88 91 60
88 92 93
88 93 81
88 94 71
88 95 23
88 96 66
88 97 74
88 98 20
88 99 62
88 100 40
88 101 93
88 102 76
88 103 65
88 104 65
88 105 82
88 106 29
88 107 77
88 108 64
88 109 66
89 90 67
89 91 71
89 92 67
89 93 3
89 94 16
89 95 20
89 96 14
89 97 25
89 98 43
89 99 40
89 100 17
89 101 82
89 102 86
89 103 35
89 104 73
89 105 31
89 106 49
89 107 24
89 108 0
89 109 45
90 91 49
90 92 22
90 93 52
90 94 84
90 95 26
90 96 32
90 97 99
90 98 44
90 99 8
90 100 38
90 101 40
90 102 97
90 103 56
90 104 54
90 105 85
90 106 78
90 107 73
90 108 29
90 109 80
91 92 5
91 93 54
91 94 26
91 95 8
91 96 33
91 97 21
91 98 48
91 99 34
91 100 82
91 101 87
91 102 46
91 103 94
91 104 34
91 105 88
91 106 15
91 107 68
91 108 48
91 109 11
92 93 28
92 94 15
92 95 86
92 96 43
92 97 5
92 98 71
92 99 61
92 100 94
92 101 8
92 102 33
92 103 14
92 104 17
92 105 25
92 106 25
92 107 17
92 108 73
92 109 84
93 94 93
93 95 60
93 96 57
93 97 62
93 98 48
93 99 24
93 100 53
93 101 10
93 102 5
93 103 68
93 104 22
93 105 48
93 106 50
93 107 94
93 108 98
93 109 18
94 95 31
94 96 95
94 97 85
94 98 6
94 99 79
94 100 89
94 101 20
94 102 76
94 103 93
94 104 53
94 105 8
94 106 17
94 107 0
94 108 66
94 109 56
95 96 90
95 97 46
95 98 40
95 99 28
95 100 25
95 101 1
95 102 11
95 103 96
95 104 5
95 105 8
95 106 96
95 107 71
95 108 66
95 109 48
96 97 28
96 98 87
96 99 43
96 100 79
96 101 73
96 102 73
96 103 85
96 104 76
96 105 87
96 106 40
96 107 80
96 108 75
96 109 51
97 98 88
97 99 47
97 100 48
97 101 97
97 102 49
97 103 58
97 104 35
97 105 66
97 106 92
97 107 6
97 108 29
97 109 15
98 99 7
98 100 53
98 101 78
98 102 27
98 103 46
98 104 48
98 105 59
98 106 83
98 107 60
98 108 23
98 109 39
99 100 72
99 101 31
99 102 87
99 103 82
99 104 53
99 105 34
99 106 65
99 107 23
99 108 15
99 109 97
100 101 25
100 102 50
100 103 8
100 104 94
100 105 91
100 106 13
100 107 83
100 108 32
100 109 77
101 102 35
101 103 52
101 104 6
101 105 47
101 106 82
101 107 70
101 108 78
101 109 42
102 103 31
102 104 44
102 105 46
102 106 36
102 107 10
102 108 91
102 109 63
103 104 44
103 105 31
103 106 22
103 107 57
103 108 80
103 109 80
104 105 88
104 106 63
104 107 91
104 108 8
104 109 41
105 106 67
105 107 81
105 108 59
105 109 12
106 107 46
106 108 29
106 109 76
107 108 1
107 109 81
108 109 15
