0 1 42
0 2 45
0 3 91
0 4 20
0 5 97
0 6 66
0 7 9
0 8 96
0 9 72
0 10 53
0 11 9
0 12 55
0 13 84
0 14 50
0 15 58
0 16 68
0 17 32
0 18 54
0 19 5
0 20 41
0 21 89
0 22 72
0 23 4
0 24 61
0 25 8
0 26 19
0 27 92
0 28 46
0 29 67
0 30 98
0 31 73
0 32 61
0 33 7
0 34 53
0 35 33
0 36 92
0 37 10
0 38 15
0 39 74
1 2 83
1 3 71
1 4 81
1 5 73
1 6 4
1 7 42
1 8 51
1 9 22
1 10 4
1 11 94
1 12 47
1 13 20
1 14 31
1 15 83
1 16 80
1 17 63
1 18 9
1 19 84
1 20 51
1 21 2
1 22 32
1 23 7
1 24 92
1 25 86
1 26 5
1 27 95
1 28 16
1 29 9
1 30 51
1 31 10
1 32 56
1 33 15
1 34 71
1 35 25
1 36 96
1 37 44
1 38 52
1 39 3
2 3 9
2 4 73
2 5 54
2 6 66
2 7 93
2 8 20
2 9 66
2 10 38
2 11 91
2 12 78
2 13 60
2 14 7
2 15 37
2 16 14
2 17 72
2 18 53
2 19 63
2 20 77
2 21 37
2 22 76
2 23 73
2 24 76
2 25 67
2 26 79
2 27 62
2 28 67
2 29 74
2 30 45
2 31 30
2 32 86
2 33 88
2 34 34
2 35 18
2 36 72
2 37 59
2 38 34
2 39 17
3 4 65
3 5 54
3 6 96
3 7 39
3 8 69
3 9 72
3 10 34
3 11 90
3 12 81
3 13 65
3 14 54
3 15 53
3 16 92
3 17 86
3 18 60
3 19 84
3 20 30
3 21 70
3 22 43
3 23 40
3 24 65
3 25 16
3 26 21
3 27 51
3 28 45
3 29 83
3 30 76
3 31 91
3 32 24
3 33 18
3 34 12
3 35 90
3 36 10
3 37 82
3 38 21
3 39 46
4 5 51
4 6 67
4 7 77
4 8 5
4 9 46
4 10 67
4 11 13
4 12 54
4 13 37
4 14 9
4 15 64
4 16 50
4 17 50
4 18 95
4 19 73
4 20 96
4 21 80
4 22 42
4 23 60
4 24 11
4 25 73
4 26 34
4 27 23
4 28 42
4 29 3
4 30 59
4 31 58
4 32 70
4 33 44
4 34 87
4 35 26
4 36 15
4 37 16
4 38 13
4 39 3
5 6 43
5 7 87
5 8 32
5 9 21
5 10 34
5 11 22
5 12 21
5 13 98
5 14 34
5 15 3
5 16 1
5 17 79
5 18 62
5 19 29
5 20 81
5 21 5
5 22 46
5 23 51
5 24 18
5 25 88
5 26 61
5 27 88
5 28 75
5 29 2
5 30 58
5 31 21
5 32 44
5 33 29
5 34 64
5 35 73
5 36 18
5 37 61
5 38 14
5 39 33
6 7 95
6 8 52
6 9 13
6 10 95
6 11 91
6 12 58
6 13 43
6 14 68
6 15 95
6 16 92
6 17 86
6 18 31
6 19 23
6 20 11
6 21 35
6 22 62
6 23 33
6 24 30
6 25 60
6 26 46
6 27 10
6 28 60
6 29 24
6 30 43
6 31 61
6 32 25
6 33 17
6 34 96
6 35 27
6 36 27
6 37 44
6 38 83
6 39 64
7 8 99
7 9 53
7 10 70
7 11 84
7 12 81
7 13 42
7 14 36
7 15 51
7 16 82
7 17 76
7 18 50
7 19 17
7 20 85
7 21 88
7 22 34
7 23 42
7 24 75
7 25 33
7 26 29
7 27 36
7 28 36
7 29 92
7 30 37
7 31 51
7 32 74
7 33 16
7 34 96
7 35 60
7 36 47
7 37 57
7 38 50
7 39 22
8 9 92
8 10 30
8 11 35
8 12 97
8 13 25
8 14 12
8 15 22
8 16 28
8 17 48
8 18 48
8 19 30
8 20 93
8 21 27
8 22 67
8 23 78
8 24 37
8 25 14
8 26 32
8 27 11
8 28 72
8 29 7
8 30 4
8 31 45
8 32 86
8 33 22
8 34 99
8 35 60
8 36 28
8 37 79
8 38 74
8 39 77
9 10 14
9 11 0
9 12 15
9 13 95
9 14 25
9 15 25
9 16 91
9 17 21
9 18 4
9 19 80
9 20 44
9 21 62
9 22 18
9 23 52
9 24 92
9 25 69
9 26 90
9 27 10
9 28 55
9 29 9
9 30 59
9 31 27
9 32 32
9 33 58
9 34 23
9 35 20
9 36 13
9 37 29
9 38 86
9 39 37
10 11 53
10 12 74
10 13 58
10 14 4
10 15 49
10 16 12
10 17 24
10 18 17
10 19 76
10 20 43
10 21 78
10 22 51
10 23 67
10 24 14
10 25 16
10 26 99
10 27 19
10 28 26
10 29 45
10 30 19
10 31 21
10 32 29
10 33 48
10 34 58
10 35 81
10 36 4
10 37 71
10 38 3
10 39 87
11 12 72
11 13 72
11 14 32
11 15 39
11 16 28
11 17 31
11 18 2
11 19 54
11 20 90
11 21 49
11 22 56
11 23 53
11 24 32
11 25 52
11 26 14
11 27 47
11 28 12
11 29 73
11 30 52
11 31 95
11 32 76
11 33 72
11 34 54
11 35 86
11 36 63
11 37 92
11 38 1
11 39 95
12 13 22
12 14 45
12 15 58
12 16 95
12 17 35
12 18 29
12 19 28
12 20 8
12 21 59
12 22 91
12 23 77
12 24 86
12 25 46
12 26 75
12 27 41
12 28 55
12 29 17
12 30 83
12 31 2
12 32 49
12 33 51
12 34 21
12 35 46
12 36 68
12 37 42
12 38 80
12 39 99
13 14 94
13 15 85
13 16 3
13 17 73
13 18 40
13 19 91
13 20 16
13 21 77
13 22 40
13 23 39
13 24 15
13 25 64
13 26 80
13 27 1
13 28 29
13 29 33
13 30 41
13 31 12
13 32 33
13 33 72
13 34 34
13 35 43
13 36 70
13 37 81
13 38 12
13 39 2
14 15 21
14 16 93
14 17 55
14 18 16
14 19 47
14 20 26
14 21 86
14 22 60
14 23 2
14 24 72
14 25 11
14 26 37
14 27 32
14 28 66
14 29 49
14 30 80
14 31 33
14 32 47
14 33 88
14 34 45
14 35 21
14 36 65
14 37 65
14 38 11
14 39 5
15 16 32
15 17 49
15 18 32
15 19 19
15 20 38
15 21 7
15 22 7
15 23 82
15 24 2
15 25 97
15 26 89
15 27 58
15 28 12
15 29 4
15 30 40
15 31 27
15 32 50
15 33 50
15 34 28
15 35 6
15 36 25
15 37 96
15 38 67
15 39 40
16 17 94
16 18 90
16 19 6
16 20 65
16 21 29
16 22 58
16 23 63
16 24 26
16 25 95
16 26 40
16 27 91
16 28 84
16 29 36
16 30 61
16 31 64
16 32 33
16 33 28
16 34 63
16 35 91
16 36 33
16 37 14
16 38 29
16 39 43
17 18 94
17 19 10
17 20 78
17 21 48
17 22 98
17 23 84
17 24 97
17 25 66
17 26 22
17 27 8
17 28 6
17 29 80
17 30 24
17 31 23
17 32 4
17 33 47
17 34 62
17 35 12
17 36 55
17 37 30
17 38 69
17 39 55
18 19 73
18 20 40
18 21 62
18 22 94
18 23 93
18 24 86
18 25 23
18 26 17
18 27 20
18 28 21
18 29 78
18 30 7
18 31 52
18 32 68
18 33 52
18 34 96
18 35 41
18 36 54
18 37 18
18 38 25
18 39 40
19 20 15
19 21 99
19 22 6
19 23 87
19 24 72
19 25 70
19 26 71
19 27 88
19 28 2
19 29 21
19 30 52
19 31 37
19 32 84
19 33 33
19 34 88
19 35 12
19 36 8
19 37 35
19 38 40
19 39 64
20 21 26
20 22 32
20 23 5
20 24 62
20 25 71
20 26 7
20 27 52
20 28 71
20 29 65
20 30 52
20 31 41
20 32 66
20 33 66
20 34 80
20 35 80
20 36 7
20 37 51
20 38 80
20 39 90
21 22 23
21 23 70
21 24 20
21 25 17
21 26 60
21 27 55
21 28 79
21 29 53
21 30 51
21 31 99
21 32 61
21 33 12
21 34 51
21 35 54
21 36 24
21 37 63
21 38 30
21 39 87
22 23 3
22 24 34
22 25 28
22 26 3
22 27 67
22 28 0
22 29 56
22 30 41
22 31 30
22 32 51
22 33 14
22 34 95
22 35 66
22 36 30
22 37 15
22 38 33
22 39 27
23 24 21
23 25 49
23 26 98
23 27 20
23 28 13
23 29 53
23 30 96
23 31 22
23 32 0
23 33 63
23 34 25
23 35 80
23 36 22
23 37 36
23 38 65
23 39 43
24 25 25
24 26 15
24 27 85
24 28 39
24 29 96
24 30 19
24 31 78
24 32 88
24 33 62
24 34 37
24 35 9
24 36 35
24 37 2
24 38 31
24 39 74
25 26 84
25 27 13
25 28 67
25 29 66
25 30 43
25 31 93
25 32 50
25 33 31
25 34 5
25 35 81
25 36 41
25 37 93
25 38 65
25 39 35
26 27 63
26 28 73
26 29 88
26 30 73
26 31 81
26 32 50
26 33 0
26 34 3
26 35 72
26 36 12
26 37 11
26 38 52
26 39 73
27 28 69
27 29 55
27 30 95
27 31 46
27 32 25
27 33 44
27 34 78
27 35 88
27 36 99
27 37 19
27 38 18
27 39 27
28 29 71
28 30 26
28 31 6
28 32 88
28 33 15
28 34 67
28 35 33
28 36 77
28 37 73
28 38 87
28 39 34
29 30 21
29 31 87
29 32 12
29 33 37
29 34 14
29 35 97
29 36 57
29 37 21
29 38 58
29 39 63
30 31 66
30 32 30
30 33 25
30 34 0
30 35 48
30 36 28
30 37 66
30 38 0
30 39 87
31 32 89
31 33 4
31 34 92
31 35 10
31 36 63
31 37 58
31 38 1
31 39 64
32 33 16
32 34 52
32 35 31
32 36 21
32 37 67
32 38 23
32 39 99
33 34 74
33 35 48
33 36 5
33 37 8
33 38 97
33 39 3
34 35 53
34 36 95
34 37 46
34 38 52
34 39 25
35 36 42
35 37 26
35 38 99
35 39 44
36 37 19
36 38 97
36 39 56
37 38 95
37 39 99
38 39 20
