0 1 23
0 2 88
0 3 60
0 4 20
0 5 38
0 6 81
0 7 19
0 8 50
0 9 5
0 10 17
0 11 34
0 12 34
0 13 85
0 14 24
0 15 70
0 16 92
0 17 19
0 18 98
0 19 80
0 20 54
0 21 0
0 22 26
0 23 35
0 24 70
0 25 89
0 26 10
0 27 81
0 28 88
0 29 90
0 30 76
0 31 85
0 32 24
0 33 94
0 34 43
1 2 72
1 3 95
1 4 64
1 5 47
1 6 61
1 7 68
1 8 81
1 9 50
1 10 89
1 11 88
1 12 60
1 13 41
1 14 62
1 15 71
1 16 93
1 17 54
1 18 96
1 19 97
1 20 49
1 21 2
1 22 76
1 23 64
1 24 82
1 25 88
1 26 13
1 27 50
1 28 40
1 29 95
1 30 70
1 31 24
1 32 76
1 33 56
1 34 3
2 3 54
2 4 73
2 5 62
2 6 93
2 7 19
2 8 68
2 9 97
2 10 41
2 11 83
2 12 4
2 13 80
2 14 7
2 15 24
2 16 58
2 17 83
2 18 57
2 19 84
2 20 29
2 21 22
2 22 64
2 23 68
2 24 50
2 25 18
2 26 31
2 27 84
2 28 72
2 29 72
2 30 33
2 31 3
2 32 97
2 33 64
2 34 70
3 4 90
3 5 5
3 6 93
3 7 96
3 8 16
3 9 73
3 10 32
3 11 22
3 12 98
3 13 90
3 14 10
3 15 31
3 16 27
3 17 12
3 18 79
3 19 39
3 20 17
3 21 44
3 22 20
3 23 99
3 24 85
3 25 35
3 26 60
3 27 35
3 28 45
3 29 28
3 30 49
3 31 77
3 32 45
3 33 83
3 34 50
4 5 0
4 6 84
4 7 28
4 8 97
4 9 90
4 10 87
4 11 59
4 12 68
4 13 23
4 14 64
4 15 39
4 16 85
4 17 90
4 18 43
4 19 96
4 20 46
4 21 72
4 22 80
4 23 43
4 24 52
4 25 41
4 26 18
4 27 13
4 28 76
4 29 99
4 30 66
4 31 70
4 32 14
4 33 19
4 34 18
5 6 29
5 7 37
5 8 66
5 9 73
5 10 79
5 11 94
5 12 15
5 13 85
5 14 38
5 15 76
5 16 34
5 17 58
5 18 22
5 19 66
5 20 2
5 21 53
5 22 48
5 23 97
5 24 25
5 25 7
5 26 30
5 27 41
5 28 22
5 29 30
5 30 85
5 31 58
5 32 57
5 33 22
5 34 47
6 7 48
6 8 22
6 9 20
6 10 73
6 11 11
6 12 31
6 13 74
6 14 44
6 15 13
6 16 84
6 17 80
6 18 51
6 19 90
6 20 77
6 21 58
6 22 4
6 23 14
6 24 21
6 25 87
6 26 82
6 27 68
6 28 61
6 29 28
6 30 15
6 31 62
6 32 70
6 33 29
6 34 36
7 8 98
7 9 8
7 10 83
7 11 31
7 12 91
7 13 26
7 14 6
7 15 32
7 16 53
7 17 19
7 18 33
7 19 54
7 20 79
7 21 43
7 22 68
7 23 21
7 24 17
7 25 9
7 26 74
7 27 43
7 28 25
7 29 31
7 30 33
7 31 3
7 32 28
7 33 49
7 34 8
8 9 65
8 10 5
8 11 40
8 12 34
8 13 65
8 14 63
8 15 15
8 16 0
8 17 9
8 18 22
8 19 17
8 20 25
8 21 59
8 22 51
8 23 20
8 24 17
8 25 5
8 26 87
8 27 56
8 28 87
8 29 44
8 30 30
8 31 4
8 32 23
8 33 70
8 34 19
9 10 31
9 11 19
9 12 72
9 13 1
9 14 47
9 15 23
9 16 76
9 17 32
9 18 62
9 19 46
9 20 17
9 21 17
9 22 70
9 23 62
9 24 27
9 25 62
9 26 6
9 27 70
9 28 21
9 29 64
9 30 33
9 31 92
9 32 41
9 33 79
9 34 26
10 11 39
10 12 7
10 13 31
10 14 15
10 15 40
10 16 79
10 17 32
10 18 95
10 19 86
10 20 7
10 21 52
10 22 6
10 23 30
10 24 72
10 25 63
10 26 10
10 27 88
10 28 97
10 29 20
10 30 63
10 31 40
10 32 79
10 33 44
10 34 95
11 12 80
11 13 0
11 14 93
11 15 80
11 16 64
11 17 13
11 18 64
11 19 83
11 20 69
11 21 18
11 22 75
11 23 38
11 24 64
11 25 46
11 26 67
11 27 43
11 28 67
11 29 79
11 30 48
11 31 31
11 32 89
11 33 50
11 34 2
12 13 5
12 14 77
12 15 74
12 16 65
12 17 5
12 18 18
12 19 19
12 20 54
12 21 63
12 22 9
12 23 20
12 24 84
12 25 11
12 26 66
12 27 76
12 28 15
12 29 9
12 30 7
12 31 39
12 32 49
12 33 20
12 34 51
13 14 39
13 15 80
13 16 6
13 17 13
13 18 93
13 19 98
13 20 49
13 21 14
13 22 57
13 23 41
13 24 43
13 25 4
13 26 3
13 27 7
13 28 10
13 29 78
13 30 47
13 31 66
13 32 41
13 33 69
13 34 53
14 15 30
14 16 31
14 17 31
14 18 80
14 19 83
14 20 24
14 21 19
14 22 95
14 23 98
14 24 31
14 25 95
14 26 75
14 27 26
14 28 73
14 29 92
14 30 7
14 31 89
14 32 7
14 33 95
14 34 94
15 16 15
15 17 87
15 18 22
15 19 47
15 20 71
15 21 63
15 22 87
15 23 35
15 24 72
15 25 84
15 26 15
15 27 48
15 28 94
15 29 40
15 30 57
15 31 95
15 32 29
15 33 76
15 34 96
16 17 7
16 18 75
16 19 68
16 20 34
16 21 77
16 22 27
16 23 33
16 24 83
16 25 50
16 26 59
16 27 42
16 28 42
16 29 22
16 30 34
16 31 50
16 32 71
16 33 26
16 34 9
17 18 10
17 19 16
17 20 92
17 21 86
17 22 85
17 23 1
17 24 51
17 25 94
17 26 84
17 27 68
17 28 27
17 29 78
17 30 54
17 31 71
17 32 5
17 33 33
17 34 31
18 19 83
18 20 96
18 21 0
18 22 53
18 23 22
18 24 63
18 25 12
18 26 74
18 27 48
18 28 55
18 29 38
18 30 34
18 31 47
18 32 6
18 33 83
18 34 87
19 20 39
19 21 25
19 22 95
19 23 70
19 24 65
19 25 61
19 26 89
19 27 39
19 28 39
19 29 3
19 30 10
19 31 47
19 32 52
19 33 94
19 34 79
20 21 65
20 22 69
20 23 26
20 24 73
20 25 93
20 26 80
20 27 7
20 28 76
20 29 55
20 30 32
20 31 9
20 32 20
20 33 90
20 34 91
21 22 25
21 23 45
21 24 76
21 25 13
21 26 89
21 27 48
21 28 13
21 29 65
21 30 5
21 31 18
21 32 71
21 33 74
21 34 5
22 23 78
22 24 28
22 25 47
22 26 31
22 27 30
22 28 82
22 29 47
22 30 92
22 31 7
22 32 42
22 33 99
22 34 30
23 24 52
23 25 41
23 26 41
23 27 72
23 28 79
23 29 31
23 30 9
23 31 80
23 32 96
23 33 41
23 34 98
24 25 66
24 26 61
24 27 70
24 28 23
24 29 10
24 30 74
24 31 46
24 32 11
24 33 7
24 34 3
25 26 93
25 27 85
25 28 46
25 29 99
25 30 7
25 31 83
25 32 1
25 33 89
25 34 83
26 27 7
26 28 22
26 29 90
26 30 90
26 31 26
26 32 8
26 33 74
26 34 65
27 28 3
27 29 43
27 30 7
27 31 4
27 32 58
27 33 69
27 34 24
28 29 14
28 30 39
28 31 9
28 32 96
28 33 50
28 34 36
29 30 74
29 31 58
29 32 40
29 33 27
29 34 37
30 31 26
30 32 37
30 33 54
30 34 36
31 32 15
31 33 26
31 34 54
32 33 48
32 34 68
33 34 20
