319 418
227 970
895 915
581 173
542 935
626 258
726 580
167 577
894 850
317 78
373 943
990 927
852 829
802 324
180 272
421 31
428 65
367 213
581 750
496 0
873 658
669 335
257 980
344 616
499 936
275 879
582 620
110 972
135 63
373 260
960 323
205 648
274 198
608 969
873 170
88 204
62 245
321 298
395 474
42 707
280 346
74 500
732 874
758 795
259 612
298 873
423 388
912 278
278 282
954 279
577 272
745 994
301 755
953 726
701 672
914 797
970 894
962 94
928 791
646 958
86 961
506 170
477 831
369 998
416 78
956 515
759 830
79 496
362 25
293 185
413 866
423 602
965 563
976 998
646 53
374 527
544 696
379 639
129 276
263 632
868 594
544 284
3 102
290 273
813 542
222 62
701 295
528 989
423 124
923 996
864 698
546 341
273 674
428 478
495 680
206 14
39 166
891 760
356 465
792 68
