826 828
396 351
531 548
90 605
926 214
798 593
527 45
306 21
663 604
537 304
635 450
975 304
881 460
747 172
730 97
628 946
308 175
114 867
157 773
542 650
652 108
592 831
708 524
814 425
984 656
991 3
169 733
414 206
640 321
428 957
988 174
361 489
726 863
320 498
843 653
374 972
313 853
34 336
224 490
747 760
390 527
431 993
372 41
344 862
528 143
373 319
850 198
326 991
696 61
657 457
189 402
987 198
492 380
52 710
350 445
136 559
376 660
848 735
905 448
459 498
948 149
995 503
118 979
960 292
479 682
