0 1 8
0 2 2
0 3 38
0 4 92
0 5 77
0 6 96
0 7 60
0 8 9
0 9 46
0 10 26
0 11 89
0 12 66
0 13 44
0 14 97
0 15 35
0 16 20
0 17 94
0 18 69
0 19 53
0 20 36
0 21 44
0 22 42
0 23 65
0 24 79
0 25 65
0 26 89
0 27 16
0 28 63
0 29 98
0 30 35
0 31 31
0 32 7
0 33 75
0 34 32
0 35 30
0 36 50
0 37 37
0 38 30
0 39 74
0 40 59
0 41 44
0 42 55
0 43 32
0 44 48
0 45 59
0 46 82
0 47 74
0 48 79
0 49 87
1 2 12
1 3 6
1 4 71
1 5 38
1 6 69
1 7 8
1 8 41
1 9 94
1 10 12
1 11 89
1 12 86
1 13 88
1 14 14
1 15 47
1 16 40
1 17 84
1 18 0
1 19 72
1 20 73
1 21 10
1 22 38
1 23 22
1 24 7
1 25 7
1 26 28
1 27 93
1 28 81
1 29 53
1 30 6
1 31 6
1 32 32
1 33 91
1 34 12
1 35 39
1 36 27
1 37 49
1 38 54
1 39 14
1 40 75
1 41 76
1 42 62
1 43 93
1 44 29
1 45 47
1 46 17
1 47 44
1 48 21
1 49 70
2 3 36
2 4 79
2 5 49
2 6 87
2 7 59
2 8 25
2 9 47
2 10 14
2 11 29
2 12 2
2 13 39
2 14 21
2 15 94
2 16 52
2 17 3
2 18 5
2 19 10
2 20 81
2 21 74
2 22 49
2 23 53
2 24 47
2 25 11
2 26 34
2 27 79
2 28 95
2 29 71
2 30 99
2 31 41
2 32 85
2 33 43
2 34 55
2 35 74
2 36 85
2 37 6
2 38 81
2 39 78
2 40 1
2 41 53
2 42 94
2 43 72
2 44 68
2 45 50
2 46 16
2 47 47
2 48 90
2 49 45
3 4 1
3 5 15
3 6 69
3 7 68
3 8 89
3 9 46
3 10 69
3 11 39
3 12 88
3 13 79
3 14 22
3 15 95
3 16 58
3 17 43
3 18 38
3 19 71
3 20 73
3 21 58
3 22 19
3 23 95
3 24 50
3 25 39
3 26 65
3 27 40
3 28 11
3 29 7
3 30 24
3 31 59
3 32 3
3 33 60
3 34 47
3 35 3
3 36 56
3 37 77
3 38 16
3 39 92
3 40 93
3 41 62
3 42 13
3 43 40
3 44 50
3 45 25
3 46 85
3 47 20
3 48 7
3 49 15
4 5 81
4 6 51
4 7 40
4 8 46
4 9 48
4 10 51
4 11 72
4 12 39
4 13 64
4 14 52
4 15 80
4 16 50
4 17 48
4 18 50
4 19 17
4 20 46
4 21 87
4 22 47
4 23 70
4 24 60
4 25 62
4 26 26
4 27 30
4 28 0
4 29 7
4 30 85
4 31 33
4 32 36
4 33 23
4 34 40
4 35 99
4 36 76
4 37 2
4 38 87
4 39 19
4 40 96
4 41 64
4 42 80
4 43 50
4 44 42
4 45 53
4 46 50
4 47 80
4 48 47
4 49 9
5 6 45
5 7 74
5 8 92
5 9 22
5 10 44
5 11 84
5 12 26
5 13 73
5 14 94
5 15 23
5 16 57
5 17 88
5 18 19
5 19 19
5 20 32
5 21 86
5 22 21
5 23 86
5 24 77
5 25 86
5 26 22
5 27 59
5 28 65
5 29 47
5 30 97
5 31 54
5 32 26
5 33 21
5 34 41
5 35 24
5 36 12
5 37 1
5 38 1
5 39 11
5 40 39
5 41 22
5 42 43
5 43 79
5 44 68
5 45 25
5 46 27
5 47 46
5 48 90
5 49 36
6 7 76
6 8 44
6 9 18
6 10 70
6 11 60
6 12 98
6 13 2
6 14 37
6 15 69
6 16 27
6 17 32
6 18 10
6 19 64
6 20 42
6 21 40
6 22 21
6 23 95
6 24 78
6 25 27
6 26 49
6 27 1
6 28 96
6 29 58
6 30 16
6 31 61
6 32 22
6 33 64
6 34 15
6 35 92
6 36 35
6 37 92
6 38 62
6 39 96
6 40 63
6 41 91
6 42 28
6 43 14
6 44 15
6 45 60
6 46 62
6 47 39
6 48 32
6 49 90
7 8 71
7 9 55
7 10 7
7 11 14
7 12 68
7 13 11
7 14 61
7 15 50
7 16 88
7 17 9
7 18 17
7 19 93
7 20 1
7 21 53
7 22 49
7 23 69
7 24 63
7 25 97
7 26 0
7 27 77
7 28 15
7 29 78
7 30 84
7 31 11
7 32 2
7 33 10
7 34 29
7 35 18
7 36 6
7 37 1
7 38 1
7 39 1
7 40 74
7 41 43
7 42 23
7 43 45
7 44 61
7 45 59
7 46 34
7 47 75
7 48 32
7 49 47
8 9 31
8 10 15
8 11 37
8 12 23
8 13 74
8 14 58
8 15 62
8 16 64
8 17 23
8 18 90
8 19 89
8 20 70
8 21 39
8 22 28
8 23 43
8 24 52
8 25 15
8 26 26
8 27 40
8 28 18
8 29 46
8 30 47
8 31 52
8 32 75
8 33 33
8 34 73
8 35 92
8 36 46
8 37 43
8 38 34
8 39 3
8 40 73
8 41 8
8 42 6
8 43 35
8 44 20
8 45 25
8 46 27
8 47 45
8 48 79
8 49 49
9 10 99
9 11 30
9 12 1
9 13 62
9 14 38
9 15 70
9 16 32
9 17 7
9 18 89
9 19 70
9 20 10
9 21 38
9 22 17
9 23 10
9 24 21
9 25 11
9 26 15
9 27 20
9 28 96
9 29 91
9 30 1
9 31 59
9 32 91
9 33 69
9 34 52
9 35 40
9 36 45
9 37 47
9 38 94
9 39 65
9 40 79
9 41 83
9 42 71
9 43 85
9 44 78
9 45 39
9 46 84
9 47 2
9 48 26
9 49 34
10 11 73
10 12 97
10 13 35
10 14 66
10 15 47
10 16 84
10 17 57
10 18 65
10 19 68
10 20 3
10 21 32
10 22 47
10 23 97
10 24 73
10 25 29
10 26 81
10 27 44
10 28 15
10 29 74
10 30 9
10 31 88
10 32 13
10 33 40
10 34 67
10 35 47
10 36 71
10 37 13
10 38 97
10 39 87
10 40 18
10 41 37
10 42 14
10 43 9
10 44 94
10 45 96
10 46 83
10 47 58
10 48 26
10 49 66
11 12 66
11 13 26
11 14 73
11 15 63
11 16 46
11 17 84
11 18 98
11 19 60
11 20 3
11 21 80
11 22 74
11 23 4
11 24 13
11 25 74
11 26 31
11 27 88
11 28 87
11 29 11
11 30 13
11 31 26
11 32 25
11 33 84
11 34 74
11 35 16
11 36 85
11 37 77
11 38 68
11 39 32
11 40 11
11 41 30
11 42 43
11 43 65
11 44 63
11 45 39
11 46 57
11 47 28
11 48 48
11 49 88
12 13 70
12 14 89
12 15 61
12 16 73
12 17 43
12 18 13
12 19 55
12 20 4
12 21 6
12 22 4
12 23 39
12 24 80
12 25 14
12 26 32
12 27 1
12 28 81
12 29 91
12 30 9
12 31 14
12 32 68
12 33 48
12 34 20
12 35 23
12 36 17
12 37 97
12 38 81
12 39 74
12 40 34
12 41 55
12 42 73
12 43 92
12 44 52
12 45 48
12 46 73
12 47 52
12 48 41
12 49 5
13 14 64
13 15 68
13 16 45
13 17 99
13 18 23
13 19 39
13 20 81
13 21 58
13 22 36
13 23 95
13 24 17
13 25 42
13 26 93
13 27 54
13 28 70
13 29 96
13 30 51
13 31 77
13 32 0
13 33 18
13 34 2
13 35 71
13 36 39
13 37 96
13 38 50
13 39 90
13 40 79
13 41 84
13 42 29
13 43 1
13 44 90
13 45 72
13 46 83
13 47 59
13 48 7
13 49 33
14 15 82
14 16 69
14 17 64
14 18 45
14 19 57
14 20 26
14 21 61
14 22 8
14 23 41
14 24 35
14 25 83
14 26 83
14 27 79
14 28 80
14 29 0
14 30 59
14 31 99
14 32 82
14 33 14
14 34 59
14 35 28
14 36 35
14 37 66
14 38 88
14 39 26
14 40 50
14 41 95
14 42 33
14 43 36
14 44 38
14 45 12
14 46 45
14 47 30
14 48 29
14 49 95
15 16 68
15 17 65
15 18 4
15 19 19
15 20 34
15 21 15
15 22 76
15 23 57
15 24 15
15 25 58
15 26 73
15 27 69
15 28 61
15 29 64
15 30 29
15 31 19
15 32 13
15 33 60
15 34 93
15 35 84
15 36 89
15 37 57
15 38 29
15 39 34
15 40 87
15 41 27
15 42 68
15 43 60
15 44 78
15 45 53
15 46 87
15 47 42
15 48 84
15 49 53
16 17 91
16 18 54
16 19 47
16 20 97
16 21 40
16 22 32
16 23 24
16 24 72
16 25 3
16 26 96
16 27 49
16 28 13
16 29 76
16 30 21
16 31 75
16 32 88
16 33 0
16 34 18
16 35 3
16 36 55
16 37 67
16 38 0
16 39 30
16 40 73
16 41 26
16 42 75
16 43 56
16 44 67
16 45 31
16 46 1
16 47 93
16 48 19
16 49 94
17 18 2
17 19 65
17 20 99
17 21 13
17 22 29
17 23 68
17 24 45
17 25 80
17 26 14
17 27 27
17 28 50
17 29 71
17 30 1
17 31 85
17 32 50
17 33 46
17 34 96
17 35 15
17 36 76
17 37 60
17 38 74
17 39 41
17 40 79
17 41 57
17 42 63
17 43 45
17 44 98
17 45 47
17 46 41
17 47 52
17 48 5
17 49 3
18 19 28
18 20 84
18 21 41
18 22 96
18 23 92
18 24 38
18 25 19
18 26 42
18 27 5
18 28 15
18 29 16
18 30 15
18 31 17
18 32 53
18 33 7
18 34 50
18 35 42
18 36 3
18 37 58
18 38 45
18 39 50
18 40 6
18 41 24
18 42 52
18 43 31
18 44 16
18 45 44
18 46 76
18 47 6
18 48 24
18 49 29
19 20 56
19 21 15
19 22 15
19 23 46
19 24 87
19 25 2
19 26 99
19 27 96
19 28 23
19 29 20
19 30 96
19 31 11
19 32 50
19 33 80
19 34 84
19 35 2
19 36 58
19 37 90
19 38 0
19 39 35
19 40 8
19 41 31
19 42 27
19 43 6
19 44 92
19 45 78
19 46 40
19 47 4
19 48 39
19 49 96
20 21 58
20 22 32
20 23 14
20 24 52
20 25 11
20 26 66
20 27 3
20 28 33
20 29 49
20 30 88
20 31 68
20 32 85
20 33 77
20 34 43
20 35 9
20 36 83
20 37 15
20 38 89
20 39 47
20 40 16
20 41 29
20 42 60
20 43 62
20 44 94
20 45 34
20 46 44
20 47 41
20 48 34
20 49 65
21 22 92
21 23 41
21 24 50
21 25 47
21 26 5
21 27 60
21 28 24
21 29 71
21 30 97
21 31 17
21 32 22
21 33 57
21 34 70
21 35 49
21 36 25
21 37 68
21 38 80
21 39 81
21 40 26
21 41 71
21 42 28
21 43 67
21 44 37
21 45 21
21 46 35
21 47 71
21 48 4
21 49 19
22 23 4
22 24 88
22 25 45
22 26 77
22 27 15
22 28 13
22 29 31
22 30 53
22 31 15
22 32 71
22 33 70
22 34 84
22 35 32
22 36 5
22 37 66
22 38 36
22 39 46
22 40 95
22 41 39
22 42 31
22 43 34
22 44 99
22 45 74
22 46 6
22 47 73
22 48 37
22 49 25
23 24 42
23 25 21
23 26 69
23 27 43
23 28 24
23 29 42
23 30 51
23 31 61
23 32 48
23 33 57
23 34 6
23 35 23
23 36 23
23 37 27
23 38 67
23 39 82
23 40 75
23 41 9
23 42 17
23 43 39
23 44 2
23 45 83
23 46 56
23 47 8
23 48 19
23 49 76
24 25 35
24 26 22
24 27 34
24 28 12
24 29 71
24 30 62
24 31 14
24 32 47
24 33 19
24 34 28
24 35 30
24 36 35
24 37 99
24 38 92
24 39 72
24 40 96
24 41 76
24 42 62
24 43 51
24 44 23
24 45 51
24 46 48
24 47 73
24 48 63
24 49 3
25 26 64
25 27 8
25 28 32
25 29 11
25 30 50
25 31 75
25 32 17
25 33 24
25 34 19
25 35 50
25 36 99
25 37 63
25 38 61
25 39 92
25 40 38
25 41 20
25 42 83
25 43 5
25 44 83
25 45 83
25 46 56
25 47 97
25 48 13
25 49 33
26 27 42
26 28 96
26 29 59
26 30 14
26 31 72
26 32 69
26 33 99
26 34 14
26 35 68
26 36 63
26 37 60
26 38 39
26 39 75
26 40 11
26 41 95
26 42 97
26 43 15
26 44 46
26 45 42
26 46 31
26 47 94
26 48 5
26 49 81
27 28 89
27 29 99
27 30 38
27 31 17
27 32 99
27 33 79
27 34 50
27 35 27
27 36 91
27 37 53
27 38 65
27 39 91
27 40 95
27 41 16
27 42 31
27 43 61
27 44 27
27 45 3
27 46 93
27 47 9
27 48 46
27 49 24
28 29 81
28 30 23
28 31 28
28 32 92
28 33 22
28 34 54
28 35 62
28 36 28
28 37 75
28 38 44
28 39 32
28 40 99
28 41 57
28 42 15
28 43 90
28 44 27
28 45 86
28 46 56
28 47 15
28 48 27
28 49 61
29 30 82
29 31 0
29 32 80
29 33 49
29 34 36
29 35 18
29 36 92
29 37 87
29 38 59
29 39 96
29 40 77
29 41 24
29 42 87
29 43 54
29 44 75
29 45 99
29 46 23
29 47 52
29 48 86
29 49 92
30 31 68
30 32 92
30 33 71
30 34 29
30 35 78
30 36 77
30 37 0
30 38 31
30 39 63
30 40 64
30 41 80
30 42 53
30 43 15
30 44 37
30 45 8
30 46 49
30 47 49
30 48 45
30 49 78
31 32 27
31 33 63
31 34 53
31 35 95
31 36 61
31 37 70
31 38 17
31 39 37
31 40 68
31 41 14
31 42 71
31 43 88
31 44 28
31 45 18
31 46 38
31 47 79
31 48 62
31 49 68
32 33 25
32 34 35
32 35 0
32 36 46
32 37 30
32 38 94
32 39 94
32 40 98
32 41 56
32 42 73
32 43 6
32 44 13
32 45 9
32 46 19
32 47 10
32 48 14
32 49 60
33 34 99
33 35 6
33 36 13
33 37 68
33 38 65
33 39 0
33 40 35
33 41 37
33 42 24
33 43 74
33 44 60
33 45 1
33 46 61
33 47 46
33 48 92
33 49 48
34 35 79
34 36 70
34 37 34
34 38 31
34 39 93
34 40 43
34 41 27
34 42 56
34 43 51
34 44 29
34 45 71
34 46 30
34 47 27
34 48 54
34 49 14
35 36 4
35 37 59
35 38 66
35 39 90
35 40 58
35 41 67
35 42 26
35 43 11
35 44 86
35 45 18
35 46 9
35 47 63
35 48 27
35 49 72
36 37 82
36 38 18
36 39 2
36 40 62
36 41 96
36 42 95
36 43 91
36 44 95
36 45 91
36 46 59
36 47 87
36 48 93
36 49 86
37 38 16
37 39 78
37 40 88
37 41 6
37 42 26
37 43 71
37 44 67
37 45 38
37 46 35
37 47 26
37 48 34
37 49 77
38 39 88
38 40 59
38 41 95
38 42 11
38 43 9
38 44 70
38 45 59
38 46 80
38 47 95
38 48 5
38 49 17
39 40 3
39 41 98
39 42 80
39 43 20
39 44 92
39 45 85
39 46 55
39 47 72
39 48 28
39 49 94
40 41 10
40 42 8
40 43 39
40 44 25
40 45 60
40 46 14
40 47 50
40 48 66
40 49 46
41 42 96
41 43 64
41 44 28
41 45 75
41 46 98
41 47 84
41 48 36
41 49 51
42 43 53
42 44 79
42 45 90
42 46 39
42 47 47
42 48 32
42 49 97
43 44 44
43 45 65
43 46 46
43 47 89
43 48 99
43 49 40
44 45 31
44 46 0
44 47 65
44 48 18
44 49 83
45 46 12
45 47 86
45 48 81
45 49 54
46 47 91
46 48 17
46 49 93
47 48 4
47 49 47
48 49 92
