0 1 67
0 2 39
0 3 98
0 4 25
0 5 52
0 6 53
0 7 40
0 8 47
0 9 74
0 10 59
0 11 10
0 12 61
0 13 13
0 14 96
0 15 67
0 16 20
0 17 14
0 18 3
0 19 57
0 20 23
0 21 95
0 22 75
0 23 41
0 24 96
0 25 22
0 26 64
0 27 78
0 28 89
0 29 32
0 30 4
0 31 1
0 32 83
0 33 82
0 34 52
0 35 52
0 36 77
0 37 80
0 38 7
0 39 53
0 40 76
0 41 63
0 42 55
0 43 51
0 44 41
0 45 20
0 46 67
0 47 46
0 48 2
0 49 54
0 50 75
0 51 86
0 52 83
0 53 68
0 54 56
0 55 7
0 56 45
0 57 73
0 58 84
0 59 71
0 60 81
0 61 36
0 62 83
0 63 66
0 64 55
0 65 3
0 66 25
0 67 12
0 68 90
0 69 92
0 70 2
0 71 91
0 72 74
0 73 24
0 74 85
0 75 11
0 76 88
0 77 5
0 78 97
0 79 1
0 80 36
0 81 28
0 82 2
0 83 84
0 84 13
0 85 92
0 86 0
0 87 65
0 88 34
0 89 23
0 90 36
0 91 95
0 92 95
0 93 87
0 94 15
0 95 44
0 96 79
0 97 94
0 98 51
0 99 74
0 100 16
0 101 81
0 102 59
0 103 51
0 104 60
0 105 68
0 106 61
0 107 65
0 108 0
0 109 41
0 110 33
0 111 77
0 112 52
0 113 76
0 114 19
1 2 49
1 3 54
1 4 78
1 5 21
1 6 30
1 7 59
1 8 78
1 9 57
1 10 87
1 11 37
1 12 46
1 13 34
1 14 93
1 15 56
1 16 79
1 17 50
1 18 23
1 19 55
1 20 75
1 21 6
1 22 61
1 23 39
1 24 17
1 25 79
1 26 77
1 27 59
1 28 84
1 29 15
1 30 56
1 31 4
1 32 78
1 33 47
1 34 93
1 35 55
1 36 66
1 37 14
1 38 2
1 39 98
1 40 46
1 41 63
1 42 92
1 43 92
1 44 28
1 45 36
1 46 91
1 47 64
1 48 90
1 49 99
1 50 21
1 51 25
1 52 71
1 53 35
1 54 83
1 55 26
1 56 85
1 57 42
1 58 77
1 59 5
1 60 13
1 61 95
1 62 3
1 63 72
1 64 63
1 65 54
1 66 53
1 67 10
1 68 54
1 69 8
1 70 87
1 71 98
1 72 51
1 73 56
1 74 2
1 75 41
1 76 30
1 77 45
1 78 73
1 79 28
1 80 47
1 81 7
1 82 8
1 83 0
1 84 32
1 85 47
1 86 97
1 87 82
1 88 65
1 89 69
1 90 26
1 91 81
1 92 29
1 93 19
1 94 81
1 95 22
1 96 28
1 97 28
1 98 8
1 99 31
1 100 7
1 101 77
1 102 58
1 103 39
1 104 25
1 105 81
1 106 87
1 107 95
1 108 56
1 109 0
1 110 60
1 111 25
1 112 93
1 113 67
1 114 84
2 3 71
2 4 35
2 5 14
2 6 98
2 7 52
2 8 45
2 9 34
2 10 55
2 11 79
2 12 3
2 13 42
2 14 4
2 15 50
2 16 80
2 17 62
2 18 21
2 19 49
2 20 59
2 21 0
2 22 5
2 23 99
2 24 94
2 25 6
2 26 93
2 27 44
2 28 56
2 29 43
2 30 89
2 31 88
2 32 53
2 33 41
2 34 55
2 35 79
2 36 92
2 37 97
2 38 59
2 39 41
2 40 5
2 41 16
2 42 41
2 43 54
2 44 29
2 45 56
2 46 86
2 47 21
2 48 7
2 49 19
2 50 3
2 51 59
2 52 82
2 53 57
2 54 59
2 55 91
2 56 21
2 57 57
2 58 50
2 59 32
2 60 65
2 61 67
2 62 97
2 63 21
2 64 94
2 65 79
2 66 40
2 67 89
2 68 63
2 69 80
2 70 34
2 71 44
2 72 41
2 73 33
2 74 87
2 75 19
2 76 50
2 77 61
2 78 14
2 79 19
2 80 42
2 81 83
2 82 45
2 83 70
2 84 91
2 85 38
2 86 96
2 87 29
2 88 38
2 89 93
2 90 45
2 91 57
2 92 11
2 93 46
2 94 82
2 95 31
2 96 6
2 97 88
2 98 6
2 99 37
2 100 56
2 101 42
2 102 54
2 103 88
2 104 9
2 105 75
2 106 81
2 107 94
2 108 28
2 109 28
2 110 71
2 111 94
2 112 93
2 113 85
2 114 35
3 4 73
3 5 1
3 6 93
3 7 50
3 8 14
3 9 6
3 10 26
3 11 78
3 12 39
3 13 19
3 14 95
3 15 7
3 16 13
3 17 75
3 18 69
3 19 74
3 20 76
3 21 37
3 22 97
3 23 25
3 24 96
3 25 43
3 26 29
3 27 69
3 28 3
3 29 40
3 30 37
3 31 92
3 32 31
3 33 96
3 34 59
3 35 66
3 36 86
3 37 62
3 38 98
3 39 58
3 40 58
3 41 43
3 42 45
3 43 17
3 44 42
3 45 87
3 46 57
3 47 80
3 48 55
3 49 52
3 50 64
3 51 28
3 52 85
3 53 51
3 54 68
3 55 73
3 56 91
3 57 99
3 58 58
3 59 98
3 60 77
3 61 84
3 62 59
3 63 58
3 64 70
3 65 59
3 66 45
3 67 91
3 68 39
3 69 56
3 70 25
3 71 20
3 72 39
3 73 7
3 74 91
3 75 82
3 76 5
3 77 63
3 78 14
3 79 67
3 80 85
3 81 98
3 82 44
3 83 71
3 84 31
3 85 2
3 86 93
3 87 84
3 88 55
3 89 76
3 90 96
3 91 86
3 92 7
3 93 56
3 94 67
3 95 3
3 96 48
3 97 7
3 98 39
3 99 30
3 100 54
3 101 26
3 102 69
3 103 17
3 104 58
3 105 84
3 106 35
3 107 7
3 108 51
3 109 5
3 110 59
3 111 28
3 112 2
3 113 84
3 114 61
4 5 35
4 6 65
4 7 67
4 8 52
4 9 34
4 10 33
4 11 84
4 12 17
4 13 56
4 14 10
4 15 28
4 16 77
4 17 45
4 18 1
4 19 88
4 20 61
4 21 26
4 22 74
4 23 73
4 24 12
4 25 49
4 26 1
4 27 41
4 28 74
4 29 58
4 30 10
4 31 69
4 32 32
4 33 93
4 34 32
4 35 42
4 36 58
4 37 78
4 38 98
4 39 47
4 40 83
4 41 54
4 42 27
4 43 76
4 44 84
4 45 90
4 46 61
4 47 85
4 48 21
4 49 40
4 50 97
4 51 43
4 52 85
4 53 21
4 54 94
4 55 47
4 56 32
4 57 39
4 58 43
4 59 67
4 60 80
4 61 97
4 62 61
4 63 89
4 64 27
4 65 30
4 66 41
4 67 7
4 68 0
4 69 66
4 70 67
4 71 60
4 72 79
4 73 35
4 74 47
4 75 33
4 76 38
4 77 28
4 78 84
4 79 81
4 80 70
4 81 74
4 82 10
4 83 18
4 84 5
4 85 37
4 86 81
4 87 72
4 88 71
4 89 47
4 90 44
4 91 31
4 92 26
4 93 78
4 94 66
4 95 17
4 96 17
4 97 22
4 98 17
4 99 14
4 100 97
4 101 29
4 102 69
4 103 29
4 104 1
4 105 36
4 106 27
4 107 25
4 108 55
4 109 95
4 110 12
4 111 3
4 112 8
4 113 3
4 114 70
5 6 85
5 7 38
5 8 28
5 9 39
5 10 15
5 11 73
5 12 9
5 13 92
5 14 34
5 15 33
5 16 50
5 17 66
5 18 27
5 19 1
5 20 51
5 21 16
5 22 76
5 23 90
5 24 88
5 25 55
5 26 87
5 27 0
5 28 53
5 29 87
5 30 0
5 31 74
5 32 67
5 33 16
5 34 8
5 35 21
5 36 43
5 37 24
5 38 62
5 39 82
5 40 66
5 41 1
5 42 43
5 43 30
5 44 66
5 45 90
5 46 7
5 47 10
5 48 3
5 49 30
5 50 92
5 51 55
5 52 21
5 53 37
5 54 11
5 55 84
5 56 40
5 57 33
5 58 92
5 59 45
5 60 50
5 61 66
5 62 55
5 63 18
5 64 31
5 65 81
5 66 45
5 67 58
5 68 5
5 69 64
5 70 15
5 71 39
5 72 26
5 73 52
5 74 74
5 75 35
5 76 61
5 77 96
5 78 79
5 79 72
5 80 95
5 81 57
5 82 5
5 83 36
5 84 65
5 85 68
5 86 55
5 87 67
5 88 81
5 89 37
5 90 49
5 91 24
5 92 97
5 93 11
5 94 47
5 95 23
5 96 48
5 97 92
5 98 37
5 99 55
5 100 66
5 101 10
5 102 42
5 103 21
5 104 83
5 105 23
5 106 88
5 107 42
5 108 14
5 109 11
5 110 52
5 111 25
5 112 0
5 113 98
5 114 75
6 7 3
6 8 82
6 9 70
6 10 59
6 11 43
6 12 11
6 13 15
6 14 77
6 15 48
6 16 38
6 17 78
6 18 21
6 19 7
6 20 46
6 21 68
6 22 19
6 23 77
6 24 87
6 25 68
6 26 86
6 27 57
6 28 69
6 29 9
6 30 46
6 31 62
6 32 18
6 33 66
6 34 76
6 35 7
6 36 51
6 37 53
6 38 55
6 39 32
6 40 19
6 41 79
6 42 92
6 43 7
6 44 93
6 45 81
6 46 21
6 47 80
6 48 62
6 49 19
6 50 51
6 51 84
6 52 48
6 53 6
6 54 74
6 55 49
6 56 70
6 57 32
6 58 11
6 59 73
6 60 67
6 61 81
6 62 72
6 63 87
6 64 56
6 65 46
6 66 80
6 67 70
6 68 75
6 69 92
6 70 60
6 71 26
6 72 85
6 73 73
6 74 82
6 75 42
6 76 89
6 77 78
6 78 39
6 79 1
6 80 7
6 81 45
6 82 31
6 83 16
6 84 44
6 85 53
6 86 48
6 87 30
6 88 34
6 89 22
6 90 59
6 91 77
6 92 87
6 93 21
6 94 88
6 95 14
6 96 60
6 97 29
6 98 17
6 99 21
6 100 78
6 101 21
6 102 72
6 103 61
6 104 3
6 105 98
6 106 32
6 107 75
6 108 94
6 109 69
6 110 33
6 111 93
6 112 40
6 113 60
6 114 16
7 8 6
7 9 76
7 10 0
7 11 55
7 12 88
7 13 79
7 14 53
7 15 59
7 16 96
7 17 0
7 18 26
7 19 11
7 20 75
7 21 81
7 22 63
7 23 8
7 24 94
7 25 16
7 26 90
7 27 0
7 28 57
7 29 99
7 30 45
7 31 23
7 32 63
7 33 12
7 34 80
7 35 47
7 36 78
7 37 51
7 38 21
7 39 15
7 40 13
7 41 96
7 42 53
7 43 59
7 44 3
7 45 16
7 46 68
7 47 57
7 48 60
7 49 63
7 50 91
7 51 45
7 52 59
7 53 46
7 54 95
7 55 54
7 56 20
7 57 70
7 58 49
7 59 93
7 60 50
7 61 71
7 62 86
7 63 93
7 64 11
7 65 71
7 66 96
7 67 81
7 68 36
7 69 69
7 70 54
7 71 90
7 72 76
7 73 99
7 74 43
7 75 20
7 76 44
7 77 17
7 78 73
7 79 64
7 80 40
7 81 70
7 82 23
7 83 38
7 84 74
7 85 55
7 86 16
7 87 23
7 88 96
7 89 25
7 90 18
7 91 5
7 92 71
7 93 35
7 94 67
7 95 16
7 96 30
7 97 85
7 98 7
7 99 59
7 100 25
7 101 57
7 102 50
7 103 21
7 104 67
7 105 38
7 106 61
7 107 65
7 108 73
7 109 25
7 110 73
7 111 79
7 112 29
7 113 43
7 114 20
8 9 97
8 10 64
8 11 91
8 12 2
8 13 77
8 14 8
8 15 71
8 16 93
8 17 46
8 18 50
8 19 44
8 20 58
8 21 52
8 22 64
8 23 41
8 24 98
8 25 69
8 26 48
8 27 37
8 28 47
8 29 2
8 30 16
8 31 1
8 32 96
8 33 16
8 34 68
8 35 16
8 36 6
8 37 85
8 38 25
8 39 43
8 40 75
8 41 89
8 42 31
8 43 33
8 44 8
8 45 9
8 46 45
8 47 47
8 48 52
8 49 92
8 50 20
8 51 19
8 52 44
8 53 40
8 54 4
8 55 69
8 56 80
8 57 61
8 58 93
8 59 49
8 60 30
8 61 71
8 62 50
8 63 18
8 64 20
8 65 16
8 66 24
8 67 55
8 68 19
8 69 11
8 70 70
8 71 25
8 72 73
8 73 94
8 74 49
8 75 4
8 76 26
8 77 14
8 78 50
8 79 96
8 80 40
8 81 89
8 82 59
8 83 11
8 84 61
8 85 84
8 86 89
8 87 26
8 88 31
8 89 70
8 90 72
8 91 54
8 92 42
8 93 45
8 94 59
8 95 71
8 96 98
8 97 93
8 98 87
8 99 3
8 100 76
8 101 96
8 102 93
8 103 47
8 104 7
8 105 6
8 106 64
8 107 89
8 108 3
8 109 19
8 110 85
8 111 75
8 112 74
8 113 55
8 114 54
9 10 45
9 11 88
9 12 41
9 13 94
9 14 71
9 15 21
9 16 77
9 17 39
9 18 80
9 19 73
9 20 0
9 21 36
9 22 12
9 23 44
9 24 57
9 25 75
9 26 17
9 27 83
9 28 31
9 29 68
9 30 36
9 31 55
9 32 75
9 33 28
9 34 97
9 35 73
9 36 76
9 37 59
9 38 41
9 39 82
9 40 6
9 41 8
9 42 22
9 43 56
9 44 15
9 45 46
9 46 29
9 47 98
9 48 64
9 49 73
9 50 52
9 51 55
9 52 60
9 53 8
9 54 56
9 55 92
9 56 73
9 57 36
9 58 83
9 59 7
9 60 28
9 61 69
9 62 63
9 63 48
9 64 53
9 65 41
9 66 88
9 67 85
9 68 99
9 69 32
9 70 18
9 71 82
9 72 67
9 73 57
9 74 33
9 75 27
9 76 11
9 77 57
9 78 27
9 79 71
9 80 68
9 81 7
9 82 29
9 83 58
9 84 52
9 85 82
9 86 74
9 87 64
9 88 16
9 89 8
9 90 3
9 91 74
9 92 53
9 93 53
9 94 76
9 95 85
9 96 15
9 97 93
9 98 38
9 99 50
9 100 25
9 101 17
9 102 2
9 103 33
9 104 64
9 105 77
9 106 95
9 107 50
9 108 6
9 109 56
9 110 36
9 111 6
9 112 93
9 113 72
9 114 84
10 11 12
10 12 14
10 13 2
10 14 42
10 15 73
10 16 31
10 17 49
10 18 72
10 19 6
10 20 55
10 21 49
10 22 52
10 23 52
10 24 59
10 25 34
10 26 41
10 27 20
10 28 98
10 29 89
10 30 62
10 31 85
10 32 25
10 33 28
10 34 24
10 35 77
10 36 9
10 37 98
10 38 13
10 39 76
10 40 61
10 41 50
10 42 38
10 43 49
10 44 33
10 45 39
10 46 83
10 47 41
10 48 39
10 49 32
10 50 41
10 51 88
10 52 93
10 53 23
10 54 47
10 55 2
10 56 97
10 57 50
10 58 97
10 59 5
10 60 94
10 61 91
10 62 47
10 63 18
10 64 78
10 65 69
10 66 20
10 67 41
10 68 28
10 69 57
10 70 42
10 71 2
10 72 57
10 73 84
10 74 65
10 75 94
10 76 17
10 77 35
10 78 32
10 79 34
10 80 95
10 81 58
10 82 22
10 83 74
10 84 42
10 85 29
10 86 80
10 87 87
10 88 90
10 89 42
10 90 34
10 91 49
10 92 28
10 93 49
10 94 75
10 95 64
10 96 92
10 97 9
10 98 29
10 99 86
10 100 94
10 101 37
10 102 14
10 103 80
10 104 3
10 105 79
10 106 63
10 107 29
10 108 85
10 109 80
10 110 38
10 111 71
10 112 89
10 113 1
10 114 95
11 12 83
11 13 93
11 14 97
11 15 40
11 16 79
11 17 90
11 18 52
11 19 61
11 20 26
11 21 12
11 22 48
11 23 66
11 24 16
11 25 21
11 26 96
11 27 97
11 28 72
11 29 24
11 30 59
11 31 50
11 32 57
11 33 16
11 34 19
11 35 78
11 36 98
11 37 22
11 38 90
11 39 12
11 40 50
11 41 41
11 42 65
11 43 29
11 44 68
11 45 47
11 46 64
11 47 91
11 48 47
11 49 77
11 50 68
11 51 59
11 52 35
11 53 4
11 54 89
11 55 69
11 56 81
11 57 34
11 58 22
11 59 14
11 60 98
11 61 67
11 62 5
11 63 48
11 64 57
11 65 21
11 66 54
11 67 96
11 68 52
11 69 75
11 70 7
11 71 85
11 72 72
11 73 24
11 74 14
11 75 86
11 76 61
11 77 41
11 78 19
11 79 4
11 80 70
11 81 5
11 82 9
11 83 89
11 84 17
11 85 4
11 86 15
11 87 79
11 88 39
11 89 97
11 90 18
11 91 87
11 92 10
11 93 0
11 94 9
11 95 79
11 96 24
11 97 56
11 98 58
11 99 13
11 100 47
11 101 13
11 102 72
11 103 99
11 104 40
11 105 95
11 106 84
11 107 72
11 108 63
11 109 9
11 110 69
11 111 65
11 112 8
11 113 75
11 114 84
12 13 64
12 14 35
12 15 66
12 16 96
12 17 97
12 18 31
12 19 61
12 20 49
12 21 7
12 22 1
12 23 32
12 24 24
12 25 65
12 26 57
12 27 32
12 28 19
12 29 34
12 30 55
12 31 30
12 32 85
12 33 91
12 34 73
12 35 74
12 36 2
12 37 91
12 38 41
12 39 55
12 40 85
12 41 2
12 42 13
12 43 21
12 44 21
12 45 24
12 46 5
12 47 33
12 48 20
12 49 67
12 50 20
12 51 15
12 52 76
12 53 56
12 54 96
12 55 40
12 56 13
12 57 45
12 58 18
12 59 80
12 60 14
12 61 4
12 62 74
12 63 5
12 64 68
12 65 70
12 66 39
12 67 26
12 68 48
12 69 34
12 70 15
12 71 3
12 72 76
12 73 54
12 74 8
12 75 73
12 76 85
12 77 38
12 78 40
12 79 40
12 80 52
12 81 67
12 82 33
12 83 94
12 84 1
12 85 96
12 86 67
12 87 4
12 88 68
12 89 93
12 90 87
12 91 56
12 92 45
12 93 46
12 94 32
12 95 47
12 96 44
12 97 71
12 98 68
12 99 59
12 100 21
12 101 20
12 102 11
12 103 98
12 104 47
12 105 88
12 106 80
12 107 17
12 108 77
12 109 66
12 110 52
12 111 57
12 112 53
12 113 44
12 114 47
13 14 36
13 15 42
13 16 65
13 17 46
13 18 65
13 19 36
13 20 96
13 21 94
13 22 43
13 23 59
13 24 53
13 25 41
13 26 2
13 27 86
13 28 90
13 29 68
13 30 7
13 31 92
13 32 94
13 33 77
13 34 50
13 35 42
13 36 16
13 37 28
13 38 47
13 39 8
13 40 33
13 41 90
13 42 96
13 43 41
13 44 53
13 45 90
13 46 41
13 47 95
13 48 89
13 49 83
13 50 13
13 51 83
13 52 15
13 53 55
13 54 70
13 55 90
13 56 10
13 57 70
13 58 29
13 59 68
13 60 10
13 61 93
13 62 83
13 63 20
13 64 0
13 65 81
13 66 58
13 67 50
13 68 82
13 69 28
13 70 66
13 71 2
13 72 99
13 73 56
13 74 20
13 75 57
13 76 94
13 77 39
13 78 83
13 79 70
13 80 70
13 81 73
13 82 92
13 83 76
13 84 1
13 85 62
13 86 80
13 87 65
13 88 71
13 89 65
13 90 97
13 91 16
13 92 9
13 93 86
13 94 89
13 95 0
13 96 37
13 97 6
13 98 33
13 99 83
13 100 27
13 101 7
13 102 63
13 103 96
13 104 36
13 105 65
13 106 65
13 107 77
13 108 87
13 109 67
13 110 89
13 111 19
13 112 91
13 113 12
13 114 94
14 15 10
14 16 89
14 17 91
14 18 0
14 19 72
14 20 22
14 21 32
14 22 61
14 23 52
14 24 22
14 25 68
14 26 48
14 27 43
14 28 26
14 29 89
14 30 20
14 31 72
14 32 26
14 33 28
14 34 17
14 35 48
14 36 13
14 37 6
14 38 69
14 39 20
14 40 69
14 41 87
14 42 85
14 43 85
14 44 41
14 45 22
14 46 30
14 47 78
14 48 7
14 49 7
14 50 52
14 51 90
14 52 43
14 53 27
14 54 85
14 55 16
14 56 28
14 57 92
14 58 0
14 59 82
14 60 18
14 61 64
14 62 63
14 63 42
14 64 26
14 65 50
14 66 95
14 67 10
14 68 86
14 69 29
14 70 94
14 71 34
14 72 66
14 73 98
14 74 87
14 75 87
14 76 6
14 77 36
14 78 71
14 79 48
14 80 42
14 81 12
14 82 24
14 83 84
14 84 80
14 85 95
14 86 88
14 87 15
14 88 89
14 89 98
14 90 87
14 91 52
14 92 79
14 93 12
14 94 0
14 95 84
14 96 50
14 97 45
14 98 40
14 99 93
14 100 43
14 101 78
14 102 47
14 103 16
14 104 74
14 105 22
14 106 28
14 107 30
14 108 40
14 109 27
14 110 65
14 111 60
14 112 67
14 113 96
14 114 10
15 16 70
15 17 23
15 18 26
15 19 21
15 20 71
15 21 4
15 22 28
15 23 91
15 24 88
15 25 59
15 26 33
15 27 91
15 28 40
15 29 43
15 30 54
15 31 39
15 32 81
15 33 43
15 34 80
15 35 35
15 36 20
15 37 69
15 38 30
15 39 34
15 40 96
15 41 98
15 42 85
15 43 79
15 44 52
15 45 21
15 46 46
15 47 36
15 48 59
15 49 12
15 50 76
15 51 20
15 52 23
15 53 86
15 54 74
15 55 7
15 56 65
15 57 37
15 58 45
15 59 98
15 60 97
15 61 39
15 62 45
15 63 54
15 64 65
15 65 62
15 66 68
15 67 52
15 68 69
15 69 5
15 70 29
15 71 19
15 72 30
15 73 19
15 74 33
15 75 92
15 76 6
15 77 49
15 78 47
15 79 8
15 80 30
15 81 80
15 82 77
15 83 30
15 84 97
15 85 39
15 86 60
15 87 26
15 88 20
15 89 79
15 90 48
15 91 26
15 92 90
15 93 27
15 94 22
15 95 18
15 96 66
15 97 43
15 98 31
15 99 1
15 100 75
15 101 14
15 102 56
15 103 8
15 104 74
15 105 16
15 106 30
15 107 86
15 108 84
15 109 66
15 110 54
15 111 36
15 112 98
15 113 61
15 114 14
16 17 49
16 18 6
16 19 11
16 20 5
16 21 10
16 22 98
16 23 60
16 24 13
16 25 12
16 26 57
16 27 65
16 28 18
16 29 49
16 30 52
16 31 76
16 32 94
16 33 32
16 34 46
16 35 58
16 36 97
16 37 96
16 38 58
16 39 35
16 40 3
16 41 66
16 42 33
16 43 99
16 44 88
16 45 45
16 46 14
16 47 22
16 48 3
16 49 64
16 50 98
16 51 73
16 52 27
16 53 95
16 54 93
16 55 43
16 56 9
16 57 26
16 58 3
16 59 72
16 60 67
16 61 6
16 62 29
16 63 21
16 64 53
16 65 53
16 66 79
16 67 5
16 68 24
16 69 95
16 70 90
16 71 36
16 72 85
16 73 58
16 74 53
16 75 60
16 76 45
16 77 50
16 78 61
16 79 8
16 80 39
16 81 10
16 82 13
16 83 19
16 84 34
16 85 57
16 86 93
16 87 26
16 88 48
16 89 33
16 90 45
16 91 37
16 92 88
16 93 27
16 94 61
16 95 14
16 96 74
16 97 91
16 98 65
16 99 98
16 100 48
16 101 47
16 102 67
16 103 61
16 104 65
16 105 35
16 106 12
16 107 73
16 108 20
16 109 8
16 110 43
16 111 43
16 112 5
16 113 78
16 114 89
17 18 18
17 19 71
17 20 72
17 21 43
17 22 16
17 23 86
17 24 84
17 25 89
17 26 96
17 27 69
17 28 61
17 29 53
17 30 83
17 31 50
17 32 21
17 33 99
17 34 25
17 35 30
17 36 93
17 37 90
17 38 23
17 39 26
17 40 89
17 41 54
17 42 99
17 43 80
17 44 74
17 45 78
17 46 31
17 47 9
17 48 19
17 49 61
17 50 8
17 51 80
17 52 25
17 53 9
17 54 3
17 55 41
17 56 27
17 57 96
17 58 52
17 59 64
17 60 82
17 61 34
17 62 6
17 63 82
17 64 70
17 65 47
17 66 70
17 67 11
17 68 98
17 69 58
17 70 5
17 71 90
17 72 51
17 73 12
17 74 68
17 75 50
17 76 56
17 77 45
17 78 28
17 79 95
17 80 19
17 81 7
17 82 15
17 83 88
17 84 48
17 85 87
17 86 42
17 87 59
17 88 14
17 89 57
17 90 44
17 91 35
17 92 10
17 93 8
17 94 78
17 95 89
17 96 5
17 97 47
17 98 78
17 99 41
17 100 41
17 101 15
17 102 27
17 103 36
17 104 41
17 105 81
17 106 47
17 107 57
17 108 67
17 109 45
17 110 11
17 111 62
17 112 23
17 113 13
17 114 50
18 19 44
18 20 43
18 21 73
18 22 64
18 23 76
18 24 76
18 25 74
18 26 51
18 27 27
18 28 78
18 29 46
18 30 68
18 31 58
18 32 66
18 33 7
18 34 3
18 35 20
18 36 83
18 37 2
18 38 78
18 39 39
18 40 38
18 41 2
18 42 69
18 43 79
18 44 75
18 45 81
18 46 65
18 47 98
18 48 20
18 49 77
18 50 64
18 51 47
18 52 95
18 53 52
18 54 54
18 55 39
18 56 22
18 57 95
18 58 44
18 59 90
18 60 77
18 61 14
18 62 99
18 63 71
18 64 98
18 65 47
18 66 76
18 67 15
18 68 24
18 69 70
18 70 12
18 71 0
18 72 84
18 73 84
18 74 82
18 75 59
18 76 57
18 77 15
18 78 39
18 79 5
18 80 38
18 81 19
18 82 33
18 83 61
18 84 69
18 85 37
18 86 23
18 87 34
18 88 32
18 89 66
18 90 48
18 91 69
18 92 96
18 93 26
18 94 2
18 95 39
18 96 34
18 97 48
18 98 65
18 99 42
18 100 45
18 101 70
18 102 72
18 103 67
18 104 36
18 105 73
18 106 3
18 107 16
18 108 78
18 109 74
18 110 62
18 111 43
18 112 91
18 113 63
18 114 84
19 20 62
19 21 61
19 22 33
19 23 50
19 24 7
19 25 21
19 26 23
19 27 61
19 28 97
19 29 73
19 30 6
19 31 20
19 32 63
19 33 31
19 34 64
19 35 83
19 36 73
19 37 5
19 38 5
19 39 53
19 40 83
19 41 50
19 42 21
19 43 16
19 44 76
19 45 8
19 46 52
19 47 88
19 48 33
19 49 20
19 50 16
19 51 19
19 52 34
19 53 98
19 54 91
19 55 36
19 56 9
19 57 26
19 58 38
19 59 62
19 60 37
19 61 24
19 62 71
19 63 38
19 64 65
19 65 59
19 66 24
19 67 18
19 68 2
19 69 53
19 70 35
19 71 14
19 72 14
19 73 18
19 74 14
19 75 13
19 76 88
19 77 12
19 78 9
19 79 91
19 80 38
19 81 1
19 82 56
19 83 89
19 84 34
19 85 70
19 86 97
19 87 39
19 88 65
19 89 98
19 90 15
19 91 22
19 92 66
19 93 94
19 94 26
19 95 7
19 96 23
19 97 41
19 98 22
19 99 37
19 100 23
19 101 94
19 102 34
19 103 51
19 104 45
19 105 84
19 106 38
19 107 48
19 108 75
19 109 4
19 110 38
19 111 56
19 112 83
19 113 21
19 114 31
20 21 25
20 22 81
20 23 66
20 24 64
20 25 46
20 26 61
20 27 23
20 28 33
20 29 18
20 30 11
20 31 94
20 32 64
20 33 64
20 34 39
20 35 99
20 36 77
20 37 39
20 38 7
20 39 52
20 40 2
20 41 3
20 42 48
20 43 51
20 44 48
20 45 49
20 46 16
20 47 32
20 48 42
20 49 48
20 50 11
20 51 7
20 52 97
20 53 46
20 54 27
20 55 1
20 56 88
20 57 27
20 58 52
20 59 80
20 60 10
20 61 13
20 62 38
20 63 13
20 64 22
20 65 9
20 66 66
20 67 87
20 68 2
20 69 3
20 70 48
20 71 82
20 72 38
20 73 70
20 74 9
20 75 7
20 76 9
20 77 71
20 78 39
20 79 69
20 80 76
20 81 18
20 82 36
20 83 59
20 84 70
20 85 31
20 86 9
20 87 99
20 88 64
20 89 64
20 90 96
20 91 88
20 92 4
20 93 50
20 94 64
20 95 88
20 96 45
20 97 80
20 98 94
20 99 18
20 100 19
20 101 74
20 102 69
20 103 76
20 104 9
20 105 67
20 106 12
20 107 8
20 108 41
20 109 65
20 110 12
20 111 42
20 112 75
20 113 68
20 114 81
21 22 10
21 23 87
21 24 56
21 25 25
21 26 3
21 27 31
21 28 47
21 29 99
21 30 11
21 31 58
21 32 3
21 33 20
21 34 58
21 35 18
21 36 96
21 37 6
21 38 40
21 39 4
21 40 76
21 41 66
21 42 35
21 43 32
21 44 99
21 45 9
21 46 49
21 47 12
21 48 73
21 49 90
21 50 43
21 51 99
21 52 43
21 53 69
21 54 12
21 55 37
21 56 6
21 57 77
21 58 28
21 59 1
21 60 72
21 61 5
21 62 75
21 63 27
21 64 43
21 65 47
21 66 35
21 67 88
21 68 22
21 69 52
21 70 44
21 71 97
21 72 81
21 73 74
21 74 65
21 75 59
21 76 30
21 77 0
21 78 35
21 79 21
21 80 18
21 81 96
21 82 33
21 83 55
21 84 80
21 85 80
21 86 78
21 87 64
21 88 31
21 89 37
21 90 75
21 91 94
21 92 63
21 93 5
21 94 57
21 95 65
21 96 30
21 97 3
21 98 80
21 99 77
21 100 32
21 101 36
21 102 48
21 103 5
21 104 3
21 105 9
21 106 50
21 107 45
21 108 86
21 109 55
21 110 19
21 111 13
21 112 76
21 113 13
21 114 11
22 23 20
22 24 97
22 25 67
22 26 16
22 27 33
22 28 37
22 29 61
22 30 56
22 31 80
22 32 95
22 33 43
22 34 33
22 35 62
22 36 41
22 37 61
22 38 61
22 39 62
22 40 21
22 41 82
22 42 19
22 43 8
22 44 53
22 45 60
22 46 7
22 47 54
22 48 75
22 49 58
22 50 58
22 51 87
22 52 56
22 53 10
22 54 28
22 55 26
22 56 10
22 57 70
22 58 81
22 59 43
22 60 83
22 61 90
22 62 33
22 63 41
22 64 27
22 65 77
22 66 16
22 67 60
22 68 4
22 69 5
22 70 18
22 71 52
22 72 31
22 73 51
22 74 32
22 75 56
22 76 44
22 77 52
22 78 18
22 79 25
22 80 55
22 81 68
22 82 56
22 83 14
22 84 92
22 85 36
22 86 7
22 87 53
22 88 35
22 89 49
22 90 40
22 91 31
22 92 24
22 93 69
22 94 69
22 95 93
22 96 2
22 97 65
22 98 18
22 99 16
22 100 18
22 101 31
22 102 57
22 103 1
22 104 39
22 105 42
22 106 46
22 107 55
22 108 32
22 109 63
22 110 54
22 111 24
22 112 81
22 113 72
22 114 1
23 24 39
23 25 62
23 26 23
23 27 54
23 28 16
23 29 70
23 30 33
23 31 90
23 32 48
23 33 80
23 34 66
23 35 98
23 36 11
23 37 52
23 38 37
23 39 52
23 40 39
23 41 52
23 42 68
23 43 53
23 44 35
23 45 84
23 46 69
23 47 56
23 48 30
23 49 25
23 50 21
23 51 23
23 52 65
23 53 70
23 54 99
23 55 15
23 56 33
23 57 23
23 58 79
23 59 8
23 60 19
23 61 82
23 62 70
23 63 30
23 64 67
23 65 59
23 66 42
23 67 37
23 68 74
23 69 6
23 70 74
23 71 56
23 72 57
23 73 26
23 74 23
23 75 71
23 76 83
23 77 9
23 78 77
23 79 17
23 80 21
23 81 75
23 82 51
23 83 39
23 84 66
23 85 23
23 86 52
23 87 59
23 88 94
23 89 50
23 90 40
23 91 99
23 92 64
23 93 33
23 94 24
23 95 25
23 96 16
23 97 91
23 98 69
23 99 67
23 100 93
23 101 21
23 102 82
23 103 20
23 104 40
23 105 73
23 106 94
23 107 87
23 108 34
23 109 4
23 110 47
23 111 0
23 112 10
23 113 97
23 114 68
24 25 98
24 26 77
24 27 44
24 28 93
24 29 79
24 30 62
24 31 38
24 32 20
24 33 4
24 34 31
24 35 40
24 36 27
24 37 24
24 38 93
24 39 49
24 40 63
24 41 65
24 42 81
24 43 83
24 44 29
24 45 20
24 46 95
24 47 33
24 48 57
24 49 4
24 50 79
24 51 81
24 52 35
24 53 59
24 54 46
24 55 90
24 56 84
24 57 93
24 58 98
24 59 19
24 60 3
24 61 33
24 62 72
24 63 93
24 64 5
24 65 54
24 66 93
24 67 49
24 68 64
24 69 54
24 70 54
24 71 79
24 72 2
24 73 28
24 74 96
24 75 18
24 76 82
24 77 61
24 78 52
24 79 21
24 80 39
24 81 91
24 82 92
24 83 3
24 84 97
24 85 48
24 86 92
24 87 62
24 88 8
24 89 22
24 90 46
24 91 66
24 92 96
24 93 98
24 94 54
24 95 82
24 96 26
24 97 95
24 98 95
24 99 89
24 100 88
24 101 78
24 102 34
24 103 78
24 104 68
24 105 72
24 106 27
24 107 6
24 108 21
24 109 65
24 110 73
24 111 33
24 112 11
24 113 18
24 114 58
25 26 43
25 27 18
25 28 34
25 29 6
25 30 66
25 31 44
25 32 23
25 33 56
25 34 21
25 35 79
25 36 77
25 37 7
25 38 99
25 39 99
25 40 1
25 41 96
25 42 8
25 43 82
25 44 1
25 45 68
25 46 45
25 47 60
25 48 4
25 49 30
25 50 67
25 51 93
25 52 51
25 53 34
25 54 89
25 55 72
25 56 39
25 57 74
25 58 8
25 59 8
25 60 54
25 61 51
25 62 71
25 63 60
25 64 25
25 65 13
25 66 57
25 67 39
25 68 65
25 69 72
25 70 81
25 71 37
25 72 85
25 73 32
25 74 14
25 75 48
25 76 44
25 77 19
25 78 52
25 79 7
25 80 40
25 81 18
25 82 73
25 83 56
25 84 29
25 85 65
25 86 64
25 87 75
25 88 81
25 89 65
25 90 8
25 91 87
25 92 42
25 93 11
25 94 43
25 95 35
25 96 26
25 97 48
25 98 55
25 99 0
25 100 1
25 101 99
25 102 55
25 103 26
25 104 42
25 105 58
25 106 95
25 107 78
25 108 38
25 109 12
25 110 47
25 111 45
25 112 98
25 113 86
25 114 91
26 27 94
26 28 81
26 29 24
26 30 99
26 31 43
26 32 56
26 33 51
26 34 0
26 35 1
26 36 39
26 37 90
26 38 43
26 39 46
26 40 23
26 41 9
26 42 53
26 43 30
26 44 12
26 45 26
26 46 47
26 47 8
26 48 19
26 49 98
26 50 60
26 51 11
26 52 29
26 53 25
26 54 88
26 55 10
26 56 70
26 57 75
26 58 86
26 59 10
26 60 74
26 61 30
26 62 50
26 63 69
26 64 27
26 65 43
26 66 80
26 67 68
26 68 82
26 69 32
26 70 50
26 71 99
26 72 59
26 73 34
26 74 18
26 75 1
26 76 9
26 77 13
26 78 32
26 79 16
26 80 72
26 81 81
26 82 97
26 83 85
26 84 12
26 85 57
26 86 67
26 87 36
26 88 19
26 89 98
26 90 69
26 91 87
26 92 75
26 93 15
26 94 49
26 95 11
26 96 97
26 97 47
26 98 30
26 99 86
26 100 32
26 101 5
26 102 76
26 103 49
26 104 33
26 105 3
26 106 14
26 107 94
26 108 49
26 109 14
26 110 34
26 111 16
26 112 55
26 113 64
26 114 27
27 28 42
27 29 77
27 30 54
27 31 87
27 32 39
27 33 78
27 34 59
27 35 31
27 36 23
27 37 61
27 38 19
27 39 66
27 40 16
27 41 62
27 42 9
27 43 55
27 44 63
27 45 27
27 46 23
27 47 83
27 48 30
27 49 49
27 50 76
27 51 32
27 52 65
27 53 9
27 54 93
27 55 88
27 56 46
27 57 4
27 58 96
27 59 95
27 60 54
27 61 96
27 62 67
27 63 80
27 64 65
27 65 60
27 66 50
27 67 74
27 68 26
27 69 60
27 70 88
27 71 48
27 72 52
27 73 45
27 74 18
27 75 15
27 76 98
27 77 8
27 78 86
27 79 29
27 80 38
27 81 76
27 82 18
27 83 53
27 84 38
27 85 41
27 86 19
27 87 14
27 88 26
27 89 7
27 90 72
27 91 25
27 92 3
27 93 65
27 94 42
27 95 71
27 96 50
27 97 62
27 98 83
27 99 8
27 100 35
27 101 65
27 102 36
27 103 8
27 104 80
27 105 23
27 106 25
27 107 30
27 108 62
27 109 77
27 110 98
27 111 93
27 112 28
27 113 35
27 114 54
28 29 80
28 30 99
28 31 93
28 32 32
28 33 96
28 34 19
28 35 41
28 36 28
28 37 59
28 38 40
28 39 46
28 40 29
28 41 71
28 42 62
28 43 90
28 44 94
28 45 41
28 46 15
28 47 9
28 48 48
28 49 82
28 50 45
28 51 82
28 52 76
28 53 76
28 54 1
28 55 6
28 56 52
28 57 49
28 58 33
28 59 79
28 60 59
28 61 8
28 62 88
28 63 8
28 64 8
28 65 87
28 66 20
28 67 24
28 68 25
28 69 55
28 70 70
28 71 96
28 72 79
28 73 79
28 74 64
28 75 12
28 76 24
28 77 14
28 78 23
28 79 30
28 80 45
28 81 77
28 82 72
28 83 96
28 84 2
28 85 89
28 86 82
28 87 72
28 88 21
28 89 88
28 90 30
28 91 62
28 92 21
28 93 79
28 94 96
28 95 3
28 96 74
28 97 16
28 98 66
28 99 82
28 100 49
28 101 92
28 102 63
28 103 76
28 104 93
28 105 97
28 106 61
28 107 23
28 108 12
28 109 83
28 110 89
28 111 81
28 112 86
28 113 57
28 114 57
29 30 81
29 31 0
29 32 86
29 33 89
29 34 94
29 35 25
29 36 67
29 37 64
29 38 74
29 39 41
29 40 9
29 41 73
29 42 53
29 43 97
29 44 83
29 45 44
29 46 72
29 47 49
29 48 71
29 49 63
29 50 87
29 51 11
29 52 95
29 53 16
29 54 6
29 55 27
29 56 87
29 57 38
29 58 54
29 59 51
29 60 12
29 61 94
29 62 96
29 63 86
29 64 93
29 65 2
29 66 25
29 67 6
29 68 51
29 69 93
29 70 94
29 71 29
29 72 46
29 73 40
29 74 0
29 75 2
29 76 87
29 77 51
29 78 65
29 79 14
29 80 86
29 81 3
29 82 63
29 83 59
29 84 3
29 85 39
29 86 35
29 87 69
29 88 78
29 89 38
29 90 21
29 91 24
29 92 96
29 93 9
29 94 42
29 95 23
29 96 22
29 97 59
29 98 30
29 99 3
29 100 99
29 101 78
29 102 37
29 103 41
29 104 42
29 105 75
29 106 33
29 107 6
29 108 12
29 109 7
29 110 85
29 111 83
29 112 28
29 113 39
29 114 96
30 31 37
30 32 75
30 33 53
30 34 20
30 35 95
30 36 9
30 37 21
30 38 34
30 39 79
30 40 42
30 41 26
30 42 50
30 43 37
30 44 88
30 45 54
30 46 69
30 47 39
30 48 13
30 49 74
30 50 38
30 51 28
30 52 71
30 53 47
30 54 3
30 55 89
30 56 46
30 57 1
30 58 21
30 59 0
30 60 20
30 61 99
30 62 87
30 63 68
30 64 59
30 65 95
30 66 76
30 67 19
30 68 64
30 69 59
30 70 26
30 71 90
30 72 63
30 73 55
30 74 67
30 75 59
30 76 57
30 77 93
30 78 98
30 79 81
30 80 77
30 81 91
30 82 87
30 83 77
30 84 16
30 85 90
30 86 70
30 87 78
30 88 42
30 89 16
30 90 65
30 91 2
30 92 93
30 93 86
30 94 52
30 95 79
30 96 9
30 97 24
30 98 49
30 99 12
30 100 76
30 101 76
30 102 58
30 103 30
30 104 51
30 105 54
30 106 39
30 107 51
30 108 17
30 109 11
30 110 84
30 111 82
30 112 58
30 113 22
30 114 58
31 32 97
31 33 85
31 34 10
31 35 54
31 36 94
31 37 6
31 38 60
31 39 85
31 40 81
31 41 68
31 42 39
31 43 6
31 44 8
31 45 66
31 46 78
31 47 16
31 48 86
31 49 82
31 50 42
31 51 47
31 52 43
31 53 20
31 54 48
31 55 38
31 56 24
31 57 17
31 58 91
31 59 37
31 60 54
31 61 2
31 62 3
31 63 51
31 64 0
31 65 91
31 66 54
31 67 50
31 68 70
31 69 1
31 70 40
31 71 33
31 72 76
31 73 17
31 74 41
31 75 74
31 76 16
31 77 40
31 78 92
31 79 51
31 80 0
31 81 83
31 82 60
31 83 47
31 84 91
31 85 56
31 86 99
31 87 17
31 88 83
31 89 64
31 90 97
31 91 90
31 92 77
31 93 66
31 94 88
31 95 78
31 96 14
31 97 6
31 98 46
31 99 96
31 100 50
31 101 33
31 102 32
31 103 27
31 104 75
31 105 73
31 106 21
31 107 80
31 108 76
31 109 73
31 110 23
31 111 1
31 112 98
31 113 71
31 114 78
32 33 85
32 34 53
32 35 49
32 36 13
32 37 33
32 38 10
32 39 40
32 40 53
32 41 39
32 42 26
32 43 41
32 44 83
32 45 80
32 46 13
32 47 54
32 48 44
32 49 67
32 50 30
32 51 54
32 52 1
32 53 69
32 54 67
32 55 54
32 56 6
32 57 81
32 58 72
32 59 63
32 60 96
32 61 33
32 62 50
32 63 50
32 64 8
32 65 16
32 66 31
32 67 10
32 68 77
32 69 67
32 70 57
32 71 54
32 72 53
32 73 57
32 74 97
32 75 82
32 76 5
32 77 75
32 78 67
32 79 77
32 80 92
32 81 62
32 82 71
32 83 30
32 84 73
32 85 8
32 86 49
32 87 19
32 88 98
32 89 67
32 90 49
32 91 16
32 92 33
32 93 33
32 94 43
32 95 28
32 96 46
32 97 5
32 98 23
32 99 22
32 100 47
32 101 18
32 102 6
32 103 93
32 104 53
32 105 5
32 106 59
32 107 76
32 108 99
32 109 21
32 110 31
32 111 36
32 112 58
32 113 78
32 114 17
33 34 65
33 35 70
33 36 30
33 37 58
33 38 16
33 39 56
33 40 58
33 41 99
33 42 9
33 43 22
33 44 40
33 45 55
33 46 98
33 47 76
33 48 79
33 49 54
33 50 2
33 51 9
33 52 90
33 53 22
33 54 93
33 55 63
33 56 4
33 57 37
33 58 93
33 59 96
33 60 18
33 61 16
33 62 99
33 63 15
33 64 27
33 65 50
33 66 54
33 67 63
33 68 17
33 69 88
33 70 22
33 71 71
33 72 94
33 73 3
33 74 65
33 75 17
33 76 58
33 77 17
33 78 47
33 79 27
33 80 83
33 81 42
33 82 30
33 83 1
33 84 86
33 85 0
33 86 5
33 87 53
33 88 86
33 89 53
33 90 10
33 91 5
33 92 43
33 93 88
33 94 98
33 95 11
33 96 61
33 97 39
33 98 56
33 99 33
33 100 83
33 101 10
33 102 49
33 103 43
33 104 82
33 105 68
33 106 51
33 107 48
33 108 17
33 109 41
33 110 30
33 111 77
33 112 76
33 113 64
33 114 78
34 35 56
34 36 38
34 37 64
34 38 41
34 39 97
34 40 92
34 41 6
34 42 74
34 43 65
34 44 79
34 45 57
34 46 67
34 47 83
34 48 51
34 49 50
34 50 77
34 51 11
34 52 61
34 53 55
34 54 29
34 55 15
34 56 80
34 57 8
34 58 80
34 59 78
34 60 6
34 61 84
34 62 35
34 63 85
34 64 36
34 65 96
34 66 1
34 67 65
34 68 9
34 69 27
34 70 64
34 71 82
34 72 74
34 73 52
34 74 0
34 75 1
34 76 85
34 77 60
34 78 22
34 79 20
34 80 88
34 81 71
34 82 15
34 83 59
34 84 75
34 85 89
34 86 96
34 87 23
34 88 30
34 89 27
34 90 68
34 91 28
34 92 88
34 93 73
34 94 37
34 95 69
34 96 48
34 97 44
34 98 15
34 99 3
34 100 4
34 101 56
34 102 40
34 103 46
34 104 60
34 105 8
34 106 10
34 107 35
34 108 89
34 109 14
34 110 75
34 111 64
34 112 97
34 113 40
34 114 60
35 36 98
35 37 93
35 38 79
35 39 38
35 40 1
35 41 2
35 42 3
35 43 65
35 44 26
35 45 47
35 46 24
35 47 65
35 48 92
35 49 6
35 50 14
35 51 68
35 52 95
35 53 68
35 54 6
35 55 36
35 56 74
35 57 42
35 58 33
35 59 95
35 60 18
35 61 64
35 62 95
35 63 96
35 64 16
35 65 68
35 66 60
35 67 56
35 68 56
35 69 52
35 70 44
35 71 94
35 72 64
35 73 27
35 74 23
35 75 83
35 76 41
35 77 42
35 78 87
35 79 62
35 80 18
35 81 81
35 82 54
35 83 87
35 84 62
35 85 72
35 86 20
35 87 98
35 88 13
35 89 55
35 90 29
35 91 28
35 92 79
35 93 33
35 94 38
35 95 72
35 96 69
35 97 37
35 98 50
35 99 76
35 100 99
35 101 93
35 102 30
35 103 90
35 104 67
35 105 18
35 106 14
35 107 92
35 108 86
35 109 78
35 110 53
35 111 65
35 112 22
35 113 87
35 114 23
36 37 34
36 38 44
36 39 35
36 40 12
36 41 87
36 42 52
36 43 18
36 44 5
36 45 84
36 46 46
36 47 41
36 48 39
36 49 42
36 50 34
36 51 38
36 52 79
36 53 92
36 54 72
36 55 81
36 56 50
36 57 24
36 58 94
36 59 57
36 60 66
36 61 3
36 62 84
36 63 61
36 64 4
36 65 8
36 66 5
36 67 12
36 68 71
36 69 26
36 70 2
36 71 23
36 72 17
36 73 75
36 74 61
36 75 38
36 76 94
36 77 40
36 78 12
36 79 11
36 80 48
36 81 17
36 82 95
36 83 81
36 84 69
36 85 56
36 86 54
36 87 10
36 88 89
36 89 32
36 90 93
36 91 21
36 92 26
36 93 97
36 94 76
36 95 46
36 96 17
36 97 44
36 98 17
36 99 62
36 100 16
36 101 75
36 102 57
36 103 47
36 104 22
36 105 37
36 106 73
36 107 85
36 108 31
36 109 84
36 110 18
36 111 85
36 112 95
36 113 33
36 114 20
37 38 80
37 39 15
37 40 43
37 41 58
37 42 84
37 43 63
37 44 81
37 45 52
37 46 34
37 47 88
37 48 35
37 49 80
37 50 5
37 51 66
37 52 40
37 53 94
37 54 61
37 55 18
37 56 19
37 57 18
37 58 11
37 59 94
37 60 64
37 61 35
37 62 35
37 63 94
37 64 62
37 65 27
37 66 89
37 67 18
37 68 79
37 69 25
37 70 17
37 71 30
37 72 64
37 73 61
37 74 8
37 75 80
37 76 36
37 77 84
37 78 12
37 79 46
37 80 0
37 81 52
37 82 84
37 83 27
37 84 76
37 85 88
37 86 28
37 87 83
37 88 38
37 89 51
37 90 87
37 91 71
37 92 44
37 93 27
37 94 86
37 95 9
37 96 63
37 97 53
37 98 31
37 99 38
37 100 69
37 101 42
37 102 83
37 103 45
37 104 17
37 105 49
37 106 99
37 107 91
37 108 33
37 109 62
37 110 5
37 111 37
37 112 90
37 113 75
37 114 40
38 39 57
38 40 2
38 41 51
38 42 58
38 43 58
38 44 27
38 45 13
38 46 9
38 47 42
38 48 41
38 49 46
38 50 27
38 51 71
38 52 8
38 53 46
38 54 14
38 55 21
38 56 85
38 57 26
38 58 33
38 59 81
38 60 0
38 61 82
38 62 77
38 63 22
38 64 79
38 65 60
38 66 85
38 67 25
38 68 79
38 69 42
38 70 9
38 71 17
38 72 12
38 73 27
38 74 42
38 75 7
38 76 82
38 77 40
38 78 8
38 79 52
38 80 9
38 81 90
38 82 73
38 83 59
38 84 66
38 85 57
38 86 55
38 87 43
38 88 15
38 89 44
38 90 94
38 91 52
38 92 67
38 93 51
38 94 96
38 95 42
38 96 67
38 97 48
38 98 89
38 99 20
38 100 60
38 101 0
38 102 24
38 103 12
38 104 15
38 105 33
38 106 25
38 107 73
38 108 32
38 109 53
38 110 86
38 111 17
38 112 77
38 113 17
38 114 50
39 40 21
39 41 19
39 42 47
39 43 1
39 44 33
39 45 33
39 46 44
39 47 3
39 48 31
39 49 97
39 50 34
39 51 91
39 52 1
39 53 21
39 54 32
39 55 2
39 56 43
39 57 2
39 58 35
39 59 73
39 60 68
39 61 11
39 62 56
39 63 6
39 64 85
39 65 43
39 66 29
39 67 95
39 68 3
39 69 36
39 70 47
39 71 34
39 72 47
39 73 64
39 74 37
39 75 74
39 76 69
39 77 78
39 78 29
39 79 12
39 80 28
39 81 52
39 82 4
39 83 12
39 84 24
39 85 67
39 86 43
39 87 99
39 88 50
39 89 17
39 90 65
39 91 18
39 92 91
39 93 40
39 94 71
39 95 77
39 96 11
39 97 65
39 98 18
39 99 7
39 100 58
39 101 9
39 102 35
39 103 70
39 104 66
39 105 44
39 106 27
39 107 34
39 108 35
39 109 69
39 110 59
39 111 83
39 112 99
39 113 46
39 114 0
40 41 88
40 42 59
40 43 40
40 44 45
40 45 7
40 46 67
40 47 37
40 48 51
40 49 35
40 50 14
40 51 64
40 52 79
40 53 61
40 54 65
40 55 30
40 56 48
40 57 72
40 58 26
40 59 89
40 60 91
40 61 73
40 62 33
40 63 65
40 64 63
40 65 70
40 66 98
40 67 54
40 68 5
40 69 62
40 70 11
40 71 51
40 72 96
40 73 57
40 74 73
40 75 39
40 76 47
40 77 39
40 78 77
40 79 98
40 80 32
40 81 12
40 82 27
40 83 1
40 84 93
40 85 28
40 86 32
40 87 63
40 88 70
40 89 24
40 90 45
40 91 76
40 92 65
40 93 0
40 94 51
40 95 3
40 96 8
40 97 75
40 98 72
40 99 0
40 100 18
40 101 74
40 102 78
40 103 77
40 104 48
40 105 93
40 106 18
40 107 59
40 108 92
40 109 86
40 110 7
40 111 18
40 112 90
40 113 49
40 114 96
41 42 57
41 43 18
41 44 27
41 45 0
41 46 54
41 47 66
41 48 79
41 49 18
41 50 20
41 51 4
41 52 72
41 53 24
41 54 93
41 55 35
41 56 10
41 57 74
41 58 99
41 59 56
41 60 61
41 61 25
41 62 42
41 63 11
41 64 62
41 65 21
41 66 57
41 67 4
41 68 28
41 69 89
41 70 54
41 71 64
41 72 20
41 73 32
41 74 57
41 75 50
41 76 67
41 77 84
41 78 99
41 79 38
41 80 4
41 81 86
41 82 88
41 83 59
41 84 70
41 85 95
41 86 41
41 87 73
41 88 13
41 89 50
41 90 0
41 91 75
41 92 44
41 93 46
41 94 21
41 95 53
41 96 14
41 97 25
41 98 90
41 99 80
41 100 23
41 101 3
41 102 3
41 103 96
41 104 93
41 105 8
41 106 6
41 107 92
41 108 30
41 109 99
41 110 38
41 111 51
41 112 96
41 113 10
41 114 55
42 43 25
42 44 57
42 45 45
42 46 0
42 47 89
42 48 51
42 49 75
42 50 41
42 51 72
42 52 9
42 53 57
42 54 81
42 55 30
42 56 88
42 57 21
42 58 82
42 59 84
42 60 57
42 61 88
42 62 26
42 63 94
42 64 63
42 65 27
42 66 56
42 67 24
42 68 23
42 69 50
42 70 95
42 71 44
42 72 19
42 73 40
42 74 59
42 75 98
42 76 18
42 77 82
42 78 40
42 79 67
42 80 16
42 81 2
42 82 99
42 83 64
42 84 20
42 85 78
42 86 1
42 87 68
42 88 14
42 89 67
42 90 5
42 91 37
42 92 38
42 93 55
42 94 38
42 95 87
42 96 3
42 97 47
42 98 5
42 99 98
42 100 39
42 101 89
42 102 9
42 103 46
42 104 32
42 105 45
42 106 91
42 107 48
42 108 40
42 109 94
42 110 68
42 111 15
42 112 78
42 113 0
42 114 30
43 44 62
43 45 74
43 46 49
43 47 58
43 48 94
43 49 22
43 50 31
43 51 72
43 52 17
43 53 81
43 54 96
43 55 72
43 56 50
43 57 19
43 58 18
43 59 47
43 60 23
43 61 48
43 62 99
43 63 2
43 64 10
43 65 46
43 66 34
43 67 36
43 68 97
43 69 36
43 70 62
43 71 93
43 72 86
43 73 9
43 74 11
43 75 27
43 76 30
43 77 92
43 78 20
43 79 64
43 80 49
43 81 4
43 82 71
43 83 17
43 84 25
43 85 15
43 86 40
43 87 98
43 88 88
43 89 75
43 90 14
43 91 46
43 92 62
43 93 92
43 94 2
43 95 57
43 96 95
43 97 36
43 98 28
43 99 95
43 100 6
43 101 27
43 102 16
43 103 33
43 104 89
43 105 95
43 106 30
43 107 46
43 108 9
43 109 2
43 110 80
43 111 99
43 112 29
43 113 65
43 114 1
44 45 73
44 46 15
44 47 65
44 48 48
44 49 62
44 50 29
44 51 40
44 52 34
44 53 76
44 54 80
44 55 1
44 56 91
44 57 3
44 58 24
44 59 2
44 60 28
44 61 38
44 62 82
44 63 7
44 64 94
44 65 89
44 66 76
44 67 20
44 68 30
44 69 48
44 70 77
44 71 91
44 72 31
44 73 12
44 74 19
44 75 49
44 76 46
44 77 2
44 78 73
44 79 50
44 80 63
44 81 65
44 82 39
44 83 8
44 84 71
44 85 2
44 86 61
44 87 51
44 88 11
44 89 39
44 90 30
44 91 92
44 92 76
44 93 83
44 94 37
44 95 62
44 96 67
44 97 90
44 98 3
44 99 84
44 100 66
44 101 70
44 102 79
44 103 85
44 104 59
44 105 9
44 106 88
44 107 13
44 108 59
44 109 41
44 110 11
44 111 82
44 112 9
44 113 65
44 114 31
45 46 94
45 47 82
45 48 99
45 49 8
45 50 79
45 51 48
45 52 0
45 53 77
45 54 81
45 55 43
45 56 71
45 57 33
45 58 62
45 59 37
45 60 33
45 61 68
45 62 42
45 63 92
45 64 45
45 65 61
45 66 48
45 67 58
45 68 65
45 69 56
45 70 81
45 71 29
45 72 61
45 73 46
45 74 83
45 75 97
45 76 51
45 77 93
45 78 82
45 79 64
45 80 0
45 81 6
45 82 24
45 83 12
45 84 64
45 85 69
45 86 94
45 87 53
45 88 30
45 89 44
45 90 43
45 91 29
45 92 20
45 93 35
45 94 66
45 95 12
45 96 16
45 97 69
45 98 79
45 99 61
45 100 74
45 101 97
45 102 99
45 103 43
45 104 42
45 105 56
45 106 97
45 107 22
45 108 96
45 109 62
45 110 18
45 111 54
45 112 33
45 113 97
45 114 91
46 47 40
46 48 1
46 49 22
46 50 42
46 51 84
46 52 20
46 53 14
46 54 72
46 55 64
46 56 79
46 57 51
46 58 87
46 59 81
46 60 57
46 61 61
46 62 76
46 63 48
46 64 50
46 65 32
46 66 72
46 67 18
46 68 87
46 69 18
46 70 53
46 71 1
46 72 99
46 73 95
46 74 84
46 75 22
46 76 96
46 77 88
46 78 60
46 79 8
46 80 91
46 81 48
46 82 32
46 83 77
46 84 12
46 85 63
46 86 61
46 87 93
46 88 7
46 89 91
46 90 3
46 91 66
46 92 18
46 93 0
46 94 76
46 95 98
46 96 3
46 97 10
46 98 94
46 99 80
46 100 98
46 101 21
46 102 20
46 103 44
46 104 99
46 105 45
46 106 24
46 107 35
46 108 35
46 109 95
46 110 2
46 111 23
46 112 99
46 113 47
46 114 7
47 48 6
47 49 70
47 50 39
47 51 46
47 52 16
47 53 86
47 54 18
47 55 13
47 56 91
47 57 17
47 58 55
47 59 98
47 60 66
47 61 1
47 62 10
47 63 39
47 64 99
47 65 1
47 66 34
47 67 37
47 68 39
47 69 19
47 70 97
47 71 48
47 72 3
47 73 48
47 74 20
47 75 80
47 76 84
47 77 55
47 78 66
47 79 54
47 80 60
47 81 7
47 82 88
47 83 6
47 84 26
47 85 88
47 86 47
47 87 4
47 88 2
47 89 71
47 90 76
47 91 36
47 92 17
47 93 5
47 94 11
47 95 83
47 96 14
47 97 47
47 98 18
47 99 74
47 100 80
47 101 79
47 102 86
47 103 46
47 104 59
47 105 31
47 106 83
47 107 59
47 108 18
47 109 94
47 110 31
47 111 71
47 112 75
47 113 76
47 114 3
48 49 9
48 50 89
48 51 58
48 52 75
48 53 17
48 54 65
48 55 10
48 56 31
48 57 17
48 58 59
48 59 67
48 60 2
48 61 71
48 62 13
48 63 74
48 64 32
48 65 7
48 66 6
48 67 14
48 68 15
48 69 14
48 70 83
48 71 16
48 72 50
48 73 82
48 74 82
48 75 55
48 76 3
48 77 28
48 78 30
48 79 32
48 80 76
48 81 97
48 82 68
48 83 34
48 84 45
48 85 56
48 86 17
48 87 55
48 88 84
48 89 35
48 90 49
48 91 9
48 92 41
48 93 75
48 94 52
48 95 77
48 96 26
48 97 39
48 98 39
48 99 64
48 100 14
48 101 92
48 102 17
48 103 98
48 104 61
48 105 36
48 106 33
48 107 47
48 108 45
48 109 14
48 110 21
48 111 82
48 112 8
48 113 2
48 114 67
49 50 45
49 51 76
49 52 79
49 53 47
49 54 49
49 55 29
49 56 49
49 57 78
49 58 32
49 59 71
49 60 62
49 61 22
49 62 80
49 63 97
49 64 4
49 65 70
49 66 7
49 67 9
49 68 54
49 69 11
49 70 50
49 71 22
49 72 93
49 73 62
49 74 26
49 75 22
49 76 77
49 77 44
49 78 88
49 79 4
49 80 77
49 81 57
49 82 80
49 83 22
49 84 33
49 85 75
49 86 40
49 87 80
49 88 32
49 89 21
49 90 99
49 91 97
49 92 79
49 93 38
49 94 20
49 95 2
49 96 66
49 97 41
49 98 87
49 99 18
49 100 21
49 101 63
49 102 72
49 103 4
49 104 20
49 105 53
49 106 53
49 107 12
49 108 22
49 109 11
49 110 26
49 111 2
49 112 50
49 113 70
49 114 37
50 51 47
50 52 77
50 53 83
50 54 28
50 55 35
50 56 19
50 57 47
50 58 96
50 59 45
50 60 90
50 61 46
50 62 48
50 63 66
50 64 99
50 65 80
50 66 39
50 67 80
50 68 93
50 69 28
50 70 88
50 71 1
50 72 53
50 73 83
50 74 35
50 75 87
50 76 17
50 77 71
50 78 77
50 79 64
50 80 22
50 81 65
50 82 15
50 83 94
50 84 82
50 85 90
50 86 67
50 87 99
50 88 72
50 89 27
50 90 18
50 91 50
50 92 43
50 93 62
50 94 37
50 95 62
50 96 80
50 97 24
50 98 52
50 99 19
50 100 18
50 101 60
50 102 29
50 103 8
50 104 79
50 105 41
50 106 1
50 107 41
50 108 34
50 109 91
50 110 16
50 111 43
50 112 29
50 113 36
50 114 20
51 52 29
51 53 45
51 54 57
51 55 60
51 56 11
51 57 71
51 58 58
51 59 30
51 60 58
51 61 8
51 62 96
51 63 27
51 64 63
51 65 46
51 66 90
51 67 66
51 68 37
51 69 97
51 70 50
51 71 8
51 72 6
51 73 18
51 74 24
51 75 26
51 76 68
51 77 42
51 78 23
51 79 0
51 80 20
51 81 83
51 82 41
51 83 12
51 84 90
51 85 35
51 86 55
51 87 8
51 88 3
51 89 79
51 90 26
51 91 34
51 92 34
51 93 17
51 94 89
51 95 73
51 96 43
51 97 12
51 98 23
51 99 58
51 100 63
51 101 72
51 102 95
51 103 72
51 104 32
51 105 94
51 106 69
51 107 31
51 108 14
51 109 91
51 110 34
51 111 85
51 112 91
51 113 46
51 114 6
52 53 2
52 54 37
52 55 31
52 56 35
52 57 65
52 58 78
52 59 38
52 60 96
52 61 79
52 62 35
52 63 75
52 64 82
52 65 64
52 66 90
52 67 89
52 68 70
52 69 7
52 70 32
52 71 91
52 72 6
52 73 50
52 74 63
52 75 35
52 76 10
52 77 33
52 78 59
52 79 96
52 80 21
52 81 37
52 82 59
52 83 0
52 84 95
52 85 20
52 86 82
52 87 54
52 88 6
52 89 7
52 90 87
52 91 3
52 92 9
52 93 97
52 94 63
52 95 67
52 96 89
52 97 55
52 98 83
52 99 99
52 100 35
52 101 88
52 102 44
52 103 3
52 104 21
52 105 93
52 106 90
52 107 2
52 108 20
52 109 51
52 110 64
52 111 13
52 112 27
52 113 65
52 114 76
53 54 98
53 55 33
53 56 54
53 57 54
53 58 26
53 59 75
53 60 25
53 61 92
53 62 62
53 63 51
53 64 14
53 65 90
53 66 68
53 67 54
53 68 49
53 69 97
53 70 53
53 71 16
53 72 67
53 73 69
53 74 1
53 75 27
53 76 96
53 77 47
53 78 47
53 79 95
53 80 97
53 81 67
53 82 89
53 83 95
53 84 42
53 85 88
53 86 33
53 87 33
53 88 54
53 89 96
53 90 23
53 91 52
53 92 36
53 93 33
53 94 94
53 95 76
53 96 46
53 97 41
53 98 56
53 99 99
53 100 16
53 101 44
53 102 29
53 103 6
53 104 35
53 105 95
53 106 12
53 107 78
53 108 71
53 109 15
53 110 71
53 111 64
53 112 8
53 113 90
53 114 99
54 55 27
54 56 64
54 57 18
54 58 96
54 59 48
54 60 78
54 61 56
54 62 33
54 63 53
54 64 55
54 65 3
54 66 65
54 67 64
54 68 79
54 69 60
54 70 80
54 71 53
54 72 99
54 73 82
54 74 73
54 75 76
54 76 40
54 77 73
54 78 5
54 79 83
54 80 39
54 81 68
54 82 94
54 83 50
54 84 18
54 85 77
54 86 32
54 87 88
54 88 46
54 89 89
54 90 22
54 91 31
54 92 3
54 93 19
54 94 73
54 95 41
54 96 81
54 97 88
54 98 46
54 99 21
54 100 13
54 101 61
54 102 84
54 103 46
54 104 32
54 105 22
54 106 93
54 107 80
54 108 16
54 109 50
54 110 37
54 111 75
54 112 38
54 113 86
54 114 72
55 56 65
55 57 73
55 58 34
55 59 27
55 60 55
55 61 40
55 62 88
55 63 87
55 64 42
55 65 47
55 66 83
55 67 64
55 68 62
55 69 64
55 70 55
55 71 32
55 72 59
55 73 84
55 74 87
55 75 53
55 76 86
55 77 33
55 78 99
55 79 59
55 80 98
55 81 14
55 82 89
55 83 7
55 84 95
55 85 83
55 86 78
55 87 64
55 88 1
55 89 7
55 90 38
55 91 41
55 92 51
55 93 55
55 94 91
55 95 61
55 96 22
55 97 85
55 98 10
55 99 69
55 100 5
55 101 17
55 102 22
55 103 71
55 104 36
55 105 74
55 106 86
55 107 54
55 108 11
55 109 29
55 110 37
55 111 77
55 112 86
55 113 16
55 114 65
56 57 45
56 58 17
56 59 16
56 60 54
56 61 91
56 62 48
56 63 21
56 64 30
56 65 70
56 66 99
56 67 27
56 68 0
56 69 35
56 70 5
56 71 12
56 72 40
56 73 51
56 74 23
56 75 17
56 76 89
56 77 16
56 78 7
56 79 7
56 80 99
56 81 75
56 82 66
56 83 75
56 84 85
56 85 28
56 86 71
56 87 1
56 88 73
56 89 91
56 90 89
56 91 40
56 92 77
56 93 64
56 94 69
56 95 37
56 96 49
56 97 23
56 98 84
56 99 27
56 100 93
56 101 18
56 102 60
56 103 35
56 104 12
56 105 21
56 106 44
56 107 60
56 108 20
56 109 16
56 110 89
56 111 87
56 112 69
56 113 97
56 114 33
57 58 49
57 59 12
57 60 87
57 61 77
57 62 46
57 63 82
57 64 84
57 65 51
57 66 33
57 67 97
57 68 7
57 69 93
57 70 10
57 71 99
57 72 65
57 73 56
57 74 43
57 75 15
57 76 87
57 77 2
57 78 71
57 79 55
57 80 61
57 81 91
57 82 36
57 83 62
57 84 31
57 85 25
57 86 93
57 87 50
57 88 8
57 89 74
57 90 44
57 91 71
57 92 48
57 93 3
57 94 72
57 95 25
57 96 10
57 97 53
57 98 68
57 99 71
57 100 96
57 101 62
57 102 53
57 103 90
57 104 47
57 105 9
57 106 47
57 107 66
57 108 74
57 109 28
57 110 43
57 111 82
57 112 76
57 113 7
57 114 42
58 59 76
58 60 44
58 61 12
58 62 14
58 63 36
58 64 80
58 65 40
58 66 90
58 67 72
58 68 93
58 69 60
58 70 76
58 71 30
58 72 98
58 73 84
58 74 35
58 75 95
58 76 76
58 77 44
58 78 92
58 79 7
58 80 27
58 81 33
58 82 43
58 83 50
58 84 11
58 85 58
58 86 41
58 87 38
58 88 15
58 89 57
58 90 46
58 91 96
58 92 19
58 93 64
58 94 79
58 95 85
58 96 23
58 97 84
58 98 6
58 99 22
58 100 99
58 101 85
58 102 63
58 103 93
58 104 70
58 105 53
58 106 20
58 107 34
58 108 69
58 109 21
58 110 11
58 111 99
58 112 45
58 113 72
58 114 42
59 60 49
59 61 53
59 62 92
59 63 65
59 64 98
59 65 52
59 66 15
59 67 31
59 68 63
59 69 31
59 70 25
59 71 23
59 72 38
59 73 24
59 74 88
59 75 44
59 76 71
59 77 72
59 78 35
59 79 67
59 80 0
59 81 60
59 82 93
59 83 99
59 84 83
59 85 72
59 86 52
59 87 56
59 88 31
59 89 41
59 90 82
59 91 86
59 92 49
59 93 36
59 94 74
59 95 54
59 96 64
59 97 2
59 98 33
59 99 78
59 100 70
59 101 35
59 102 7
59 103 28
59 104 53
59 105 32
59 106 40
59 107 73
59 108 36
59 109 75
59 110 22
59 111 48
59 112 76
59 113 89
59 114 6
60 61 39
60 62 76
60 63 55
60 64 91
60 65 94
60 66 30
60 67 70
60 68 87
60 69 63
60 70 24
60 71 38
60 72 79
60 73 76
60 74 89
60 75 88
60 76 37
60 77 25
60 78 43
60 79 86
60 80 74
60 81 67
60 82 80
60 83 28
60 84 86
60 85 46
60 86 9
60 87 79
60 88 68
60 89 52
60 90 78
60 91 32
60 92 58
60 93 68
60 94 43
60 95 19
60 96 61
60 97 66
60 98 74
60 99 96
60 100 36
60 101 92
60 102 32
60 103 87
60 104 9
60 105 13
60 106 74
60 107 43
60 108 63
60 109 72
60 110 17
60 111 93
60 112 67
60 113 63
60 114 62
61 62 99
61 63 2
61 64 45
61 65 27
61 66 90
61 67 80
61 68 10
61 69 37
61 70 65
61 71 53
61 72 21
61 73 32
61 74 34
61 75 76
61 76 20
61 77 24
61 78 87
61 79 22
61 80 37
61 81 32
61 82 90
61 83 18
61 84 39
61 85 94
61 86 16
61 87 28
61 88 78
61 89 44
61 90 3
61 91 48
61 92 33
61 93 57
61 94 45
61 95 21
61 96 26
61 97 65
61 98 96
61 99 52
61 100 18
61 101 25
61 102 97
61 103 82
61 104 50
61 105 65
61 106 24
61 107 3
61 108 56
61 109 8
61 110 19
61 111 53
61 112 97
61 113 38
61 114 47
62 63 41
62 64 60
62 65 63
62 66 86
62 67 81
62 68 83
62 69 17
62 70 34
62 71 96
62 72 51
62 73 45
62 74 6
62 75 96
62 76 21
62 77 24
62 78 42
62 79 0
62 80 94
62 81 32
62 82 95
62 83 34
62 84 15
62 85 44
62 86 19
62 87 68
62 88 39
62 89 93
62 90 96
62 91 34
62 92 29
62 93 42
62 94 82
62 95 4
62 96 82
62 97 95
62 98 98
62 99 24
62 100 93
62 101 97
62 102 44
62 103 51
62 104 77
62 105 5
62 106 37
62 107 68
62 108 88
62 109 36
62 110 26
62 111 4
62 112 2
62 113 92
62 114 94
63 64 8
63 65 78
63 66 33
63 67 24
63 68 12
63 69 54
63 70 48
63 71 70
63 72 44
63 73 77
63 74 33
63 75 77
63 76 90
63 77 62
63 78 59
63 79 88
63 80 57
63 81 31
63 82 23
63 83 24
63 84 38
63 85 52
63 86 51
63 87 28
63 88 84
63 89 68
63 90 71
63 91 35
63 92 24
63 93 88
63 94 11
63 95 54
63 96 42
63 97 20
63 98 57
63 99 5
63 100 56
63 101 53
63 102 78
63 103 86
63 104 57
63 105 2
63 106 49
63 107 35
63 108 47
63 109 3
63 110 41
63 111 76
63 112 26
63 113 16
63 114 16
64 65 17
64 66 6
64 67 68
64 68 58
64 69 89
64 70 15
64 71 99
64 72 38
64 73 75
64 74 20
64 75 19
64 76 38
64 77 52
64 78 89
64 79 25
64 80 65
64 81 88
64 82 39
64 83 86
64 84 53
64 85 52
64 86 80
64 87 16
64 88 94
64 89 51
64 90 94
64 91 42
64 92 35
64 93 43
64 94 32
64 95 82
64 96 6
64 97 38
64 98 90
64 99 8
64 100 12
64 101 81
64 102 80
64 103 31
64 104 89
64 105 25
64 106 19
64 107 68
64 108 96
64 109 3
64 110 63
64 111 10
64 112 19
64 113 42
64 114 56
65 66 89
65 67 99
65 68 49
65 69 96
65 70 40
65 71 74
65 72 16
65 73 55
65 74 46
65 75 41
65 76 77
65 77 91
65 78 66
65 79 95
65 80 96
65 81 29
65 82 86
65 83 35
65 84 8
65 85 48
65 86 61
65 87 57
65 88 51
65 89 0
65 90 47
65 91 72
65 92 86
65 93 68
65 94 30
65 95 2
65 96 40
65 97 49
65 98 40
65 99 88
65 100 69
65 101 10
65 102 61
65 103 32
65 104 4
65 105 9
65 106 86
65 107 43
65 108 73
65 109 19
65 110 88
65 111 66
65 112 44
65 113 61
65 114 7
66 67 67
66 68 53
66 69 9
66 70 43
66 71 79
66 72 2
66 73 9
66 74 50
66 75 48
66 76 16
66 77 97
66 78 47
66 79 32
66 80 82
66 81 97
66 82 41
66 83 55
66 84 81
66 85 46
66 86 20
66 87 29
66 88 73
66 89 2
66 90 47
66 91 13
66 92 11
66 93 44
66 94 72
66 95 19
66 96 83
66 97 81
66 98 11
66 99 36
66 100 73
66 101 24
66 102 81
66 103 45
66 104 44
66 105 17
66 106 73
66 107 73
66 108 0
66 109 75
66 110 23
66 111 26
66 112 65
66 113 94
66 114 70
67 68 48
67 69 29
67 70 87
67 71 94
67 72 90
67 73 37
67 74 90
67 75 9
67 76 56
67 77 77
67 78 78
67 79 59
67 80 88
67 81 76
67 82 61
67 83 55
67 84 7
67 85 67
67 86 48
67 87 43
67 88 34
67 89 33
67 90 70
67 91 48
67 92 65
67 93 48
67 94 45
67 95 74
67 96 56
67 97 32
67 98 2
67 99 99
67 100 44
67 101 95
67 102 92
67 103 24
67 104 66
67 105 35
67 106 15
67 107 57
67 108 96
67 109 75
67 110 65
67 111 68
67 112 59
67 113 80
67 114 63
68 69 88
68 70 37
68 71 58
68 72 63
68 73 88
68 74 19
68 75 68
68 76 31
68 77 71
68 78 73
68 79 16
68 80 65
68 81 38
68 82 58
68 83 5
68 84 96
68 85 36
68 86 27
68 87 23
68 88 24
68 89 94
68 90 63
68 91 73
68 92 78
68 93 88
68 94 82
68 95 4
68 96 38
68 97 51
68 98 90
68 99 37
68 100 43
68 101 71
68 102 27
68 103 1
68 104 85
68 105 19
68 106 23
68 107 39
68 108 69
68 109 45
68 110 97
68 111 1
68 112 7
68 113 31
68 114 73
69 70 27
69 71 43
69 72 89
69 73 12
69 74 62
69 75 79
69 76 0
69 77 78
69 78 20
69 79 98
69 80 56
69 81 56
69 82 69
69 83 20
69 84 32
69 85 26
69 86 46
69 87 14
69 88 13
69 89 96
69 90 42
69 91 29
69 92 83
69 93 37
69 94 13
69 95 90
69 96 16
69 97 2
69 98 61
69 99 29
69 100 60
69 101 59
69 102 99
69 103 82
69 104 10
69 105 97
69 106 58
69 107 12
69 108 52
69 109 56
69 110 18
69 111 71
69 112 45
69 113 95
69 114 97
70 71 63
70 72 56
70 73 69
70 74 40
70 75 1
70 76 62
70 77 68
70 78 76
70 79 32
70 80 7
70 81 4
70 82 84
70 83 73
70 84 5
70 85 10
70 86 51
70 87 64
70 88 13
70 89 34
70 90 6
70 91 51
70 92 69
70 93 24
70 94 75
70 95 61
70 96 5
70 97 84
70 98 91
70 99 86
70 100 36
70 101 2
70 102 35
70 103 47
70 104 59
70 105 50
70 106 30
70 107 98
70 108 54
70 109 77
70 110 84
70 111 63
70 112 6
70 113 57
70 114 46
71 72 59
71 73 70
71 74 70
71 75 66
71 76 95
71 77 22
71 78 37
71 79 77
71 80 83
71 81 61
71 82 35
71 83 73
71 84 18
71 85 56
71 86 95
71 87 32
71 88 34
71 89 59
71 90 48
71 91 74
71 92 23
71 93 7
71 94 56
71 95 28
71 96 87
71 97 10
71 98 67
71 99 24
71 100 95
71 101 9
71 102 41
71 103 60
71 104 18
71 105 60
71 106 15
71 107 13
71 108 65
71 109 35
71 110 49
71 111 77
71 112 60
71 113 12
71 114 16
72 73 98
72 74 85
72 75 54
72 76 15
72 77 44
72 78 13
72 79 2
72 80 37
72 81 42
72 82 85
72 83 18
72 84 11
72 85 94
72 86 57
72 87 77
72 88 19
72 89 37
72 90 52
72 91 35
72 92 99
72 93 85
72 94 16
72 95 1
72 96 78
72 97 50
72 98 43
72 99 7
72 100 99
72 101 82
72 102 80
72 103 40
72 104 71
72 105 7
72 106 54
72 107 36
72 108 19
72 109 34
72 110 83
72 111 60
72 112 80
72 113 83
72 114 1
73 74 72
73 75 6
73 76 22
73 77 94
73 78 28
73 79 37
73 80 45
73 81 48
73 82 89
73 83 24
73 84 75
73 85 81
73 86 88
73 87 58
73 88 10
73 89 52
73 90 8
73 91 14
73 92 17
73 93 77
73 94 89
73 95 94
73 96 53
73 97 26
73 98 60
73 99 93
73 100 48
73 101 16
73 102 55
73 103 0
73 104 92
73 105 92
73 106 96
73 107 99
73 108 46
73 109 40
73 110 32
73 111 97
73 112 34
73 113 19
73 114 1
74 75 53
74 76 70
74 77 78
74 78 87
74 79 73
74 80 12
74 81 27
74 82 58
74 83 92
74 84 95
74 85 8
74 86 7
74 87 34
74 88 25
74 89 16
74 90 36
74 91 18
74 92 72
74 93 77
74 94 96
74 95 67
74 96 31
74 97 14
74 98 92
74 99 25
74 100 18
74 101 62
74 102 88
74 103 64
74 104 76
74 105 36
74 106 7
74 107 35
74 108 28
74 109 2
74 110 19
74 111 63
74 112 27
74 113 7
74 114 66
75 76 30
75 77 62
75 78 64
75 79 35
75 80 60
75 81 9
75 82 3
75 83 43
75 84 35
75 85 1
75 86 35
75 87 74
75 88 92
75 89 64
75 90 3
75 91 25
75 92 33
75 93 23
75 94 64
75 95 63
75 96 34
75 97 57
75 98 57
75 99 40
75 100 36
75 101 69
75 102 40
75 103 60
75 104 54
75 105 58
75 106 7
75 107 97
75 108 51
75 109 57
75 110 87
75 111 1
75 112 26
75 113 80
75 114 28
76 77 53
76 78 17
76 79 41
76 80 67
76 81 91
76 82 29
76 83 32
76 84 75
76 85 83
76 86 61
76 87 24
76 88 81
76 89 13
76 90 44
76 91 37
76 92 98
76 93 12
76 94 40
76 95 13
76 96 84
76 97 9
76 98 46
76 99 89
76 100 21
76 101 11
76 102 27
76 103 62
76 104 23
76 105 28
76 106 22
76 107 25
76 108 50
76 109 80
76 110 5
76 111 61
76 112 95
76 113 69
76 114 44
77 78 5
77 79 13
77 80 70
77 81 11
77 82 89
77 83 68
77 84 77
77 85 1
77 86 81
77 87 31
77 88 25
77 89 49
77 90 18
77 91 79
77 92 28
77 93 29
77 94 46
77 95 37
77 96 1
77 97 29
77 98 40
77 99 28
77 100 27
77 101 12
77 102 6
77 103 45
77 104 4
77 105 15
77 106 42
77 107 39
77 108 81
77 109 78
77 110 35
77 111 86
77 112 98
77 113 50
77 114 91
78 79 64
78 80 33
78 81 38
78 82 72
78 83 47
78 84 52
78 85 16
78 86 33
78 87 71
78 88 31
78 89 52
78 90 32
78 91 15
78 92 29
78 93 73
78 94 72
78 95 65
78 96 6
78 97 56
78 98 26
78 99 70
78 100 80
78 101 53
78 102 73
78 103 14
78 104 39
78 105 37
78 106 55
78 107 37
78 108 51
78 109 19
78 110 76
78 111 86
78 112 3
78 113 66
78 114 45
79 80 21
79 81 83
79 82 36
79 83 13
79 84 15
79 85 10
79 86 51
79 87 93
79 88 49
79 89 94
79 90 43
79 91 36
79 92 40
79 93 65
79 94 29
79 95 78
79 96 98
79 97 29
79 98 27
79 99 23
79 100 91
79 101 42
79 102 0
79 103 66
79 104 40
79 105 50
79 106 48
79 107 23
79 108 78
79 109 10
79 110 70
79 111 65
79 112 5
79 113 53
79 114 33
80 81 96
80 82 41
80 83 19
80 84 48
80 85 79
80 86 73
80 87 8
80 88 91
80 89 82
80 90 59
80 91 70
80 92 91
80 93 58
80 94 16
80 95 15
80 96 19
80 97 90
80 98 78
80 99 16
80 100 10
80 101 85
80 102 65
80 103 1
80 104 47
80 105 23
80 106 9
80 107 83
80 108 38
80 109 18
80 110 23
80 111 67
80 112 15
80 113 29
80 114 86
81 82 47
81 83 68
81 84 89
81 85 3
81 86 45
81 87 84
81 88 41
81 89 50
81 90 29
81 91 56
81 92 22
81 93 13
81 94 75
81 95 60
81 96 14
81 97 33
81 98 78
81 99 0
81 100 13
81 101 99
81 102 76
81 103 78
81 104 38
81 105 0
81 106 72
81 107 69
81 108 54
81 109 47
81 110 85
81 111 15
81 112 64
81 113 25
81 114 85
82 83 66
82 84 79
82 85 66
82 86 65
82 87 38
82 88 3
82 89 64
82 90 19
82 91 6
82 92 3
82 93 99
82 94 35
82 95 79
82 96 87
82 97 18
82 98 85
82 99 78
82 100 72
82 101 38
82 102 6
82 103 94
82 104 12
82 105 44
82 106 35
82 107 42
82 108 88
82 109 1
82 110 50
82 111 76
82 112 32
82 113 12
82 114 43
83 84 33
83 85 50
83 86 31
83 87 7
83 88 96
83 89 13
83 90 43
83 91 62
83 92 32
83 93 69
83 94 17
83 95 46
83 96 80
83 97 95
83 98 19
83 99 41
83 100 45
83 101 46
83 102 23
83 103 32
83 104 87
83 105 63
83 106 66
83 107 96
83 108 45
83 109 28
83 110 89
83 111 33
83 112 48
83 113 33
83 114 59
84 85 64
84 86 26
84 87 68
84 88 61
84 89 89
84 90 44
84 91 12
84 92 0
84 93 91
84 94 2
84 95 42
84 96 70
84 97 16
84 98 8
84 99 77
84 100 1
84 101 91
84 102 54
84 103 6
84 104 24
84 105 44
84 106 41
84 107 87
84 108 91
84 109 93
84 110 96
84 111 57
84 112 5
84 113 33
84 114 30
85 86 3
85 87 65
85 88 24
85 89 17
85 90 87
85 91 75
85 92 59
85 93 76
85 94 11
85 95 68
85 96 32
85 97 30
85 98 97
85 99 68
85 100 45
85 101 47
85 102 69
85 103 61
85 104 90
85 105 0
85 106 66
85 107 73
85 108 16
85 109 19
85 110 69
85 111 16
85 112 36
85 113 5
85 114 75
86 87 28
86 88 86
86 89 96
86 90 75
86 91 71
86 92 66
86 93 34
86 94 29
86 95 42
86 96 90
86 97 15
86 98 78
86 99 36
86 100 48
86 101 57
86 102 99
86 103 42
86 104 41
86 105 53
86 106 54
86 107 25
86 108 36
86 109 67
86 110 87
86 111 67
86 112 32
86 113 62
86 114 19
87 88 86
87 89 5
87 90 29
87 91 1
87 92 20
87 93 31
87 94 1
87 95 97
87 96 39
87 97 79
87 98 68
87 99 99
87 100 2
87 101 88
87 102 54
87 103 17
87 104 52
87 105 21
87 106 53
87 107 74
87 108 59
87 109 49
87 110 15
87 111 5
87 112 13
87 113 77
87 114 49
88 89 48
88 90 54
88 91 39
88 92 11
88 93 47
88 94 38
88 95 60
88 96 80
88 97 59
88 98 65
88 99 2
88 100 54
88 101 3
88 102 34
88 103 61
88 104 87
88 105 21
88 106 20
88 107 66
88 108 22
88 109 43
88 110 61
88 111 24
88 112 59
88 113 24
88 114 17
89 90 74
89 91 21
89 92 34
89 93 68
89 94 37
89 95 67
89 96 56
89 97 10
89 98 35
89 99 48
89 100 67
89 101 72
89 102 56
89 103 70
89 104 88
89 105 88
89 106 64
89 107 6
89 108 48
89 109 65
89 110 38
89 111 78
89 112 79
89 113 59
89 114 49
90 91 81
90 92 58
90 93 83
90 94 68
90 95 78
90 96 26
90 97 85
90 98 99
90 99 19
90 100 28
90 101 73
90 102 71
90 103 60
90 104 98
90 105 83
90 106 81
90 107 84
90 108 72
90 109 63
90 110 8
90 111 42
90 112 77
90 113 40
90 114 4
91 92 34
91 93 83
91 94 47
91 95 92
91 96 98
91 97 31
91 98 37
91 99 26
91 100 43
91 101 59
91 102 42
91 103 83
91 104 90
91 105 72
91 106 96
91 107 10
91 108 20
91 109 85
91 110 23
91 111 1
91 112 49
91 113 21
91 114 55
92 93 55
92 94 78
92 95 78
92 96 32
92 97 80
92 98 85
92 99 73
92 100 78
92 101 94
92 102 17
92 103 55
92 104 38
92 105 34
92 106 96
92 107 58
92 108 47
92 109 75
92 110 27
92 111 15
92 112 78
92 113 35
92 114 36
93 94 86
93 95 23
93 96 21
93 97 47
93 98 8
93 99 42
93 100 51
93 101 60
93 102 59
93 103 52
93 104 95
93 105 96
93 106 80
93 107 96
93 108 63
93 109 62
93 110 80
93 111 32
93 112 23
93 113 70
93 114 12
94 95 16
94 96 91
94 97 22
94 98 53
94 99 19
94 100 17
94 101 52
94 102 34
94 103 22
94 104 92
94 105 4
94 106 71
94 107 48
94 108 20
94 109 57
94 110 17
94 111 85
94 112 63
94 113 97
94 114 41
95 96 57
95 97 51
95 98 4
95 99 73
95 100 44
95 101 61
95 102 8
95 103 63
95 104 51
95 105 31
95 106 86
95 107 51
95 108 3
95 109 9
95 110 18
95 111 15
95 112 26
95 113 18
95 114 63
96 97 90
96 98 31
96 99 93
96 100 40
96 101 24
96 102 33
96 103 53
96 104 78
96 105 16
96 106 50
96 107 41
96 108 28
96 109 98
96 110 91
96 111 45
96 112 64
96 113 46
96 114 68
97 98 45
97 99 33
97 100 11
97 101 68
97 102 88
97 103 78
97 104 18
97 105 43
97 106 52
97 107 87
97 108 52
97 109 64
97 110 78
97 111 8
97 112 65
97 113 95
97 114 72
98 99 17
98 100 82
98 101 52
98 102 48
98 103 39
98 104 90
98 105 23
98 106 10
98 107 47
98 108 99
98 109 82
98 110 94
98 111 57
98 112 70
98 113 67
98 114 84
99 100 41
99 101 27
99 102 36
99 103 1
99 104 48
99 105 64
99 106 77
99 107 55
99 108 24
99 109 72
99 110 78
99 111 21
99 112 60
99 113 6
99 114 32
100 101 19
100 102 34
100 103 7
100 104 16
100 105 38
100 106 3
100 107 85
100 108 82
100 109 89
100 110 41
100 111 10
100 112 37
100 113 94
100 114 22
101 102 68
101 103 34
101 104 72
101 105 35
101 106 43
101 107 2
101 108 39
101 109 10
101 110 57
101 111 20
101 112 92
101 113 38
101 114 0
102 103 76
102 104 63
102 105 25
102 106 41
102 107 98
102 108 3
102 109 91
102 110 17
102 111 95
102 112 97
102 113 76
102 114 3
103 104 29
103 105 82
103 106 75
103 107 37
103 108 18
103 109 26
103 110 54
103 111 38
103 112 69
103 113 35
103 114 99
104 105 62
104 106 46
104 107 15
104 108 10
104 109 94
104 110 23
104 111 1
104 112 14
104 113 62
104 114 92
105 106 44
105 107 68
105 108 55
105 109 16
105 110 7
105 111 12
105 112 45
105 113 40
105 114 70
106 107 70
106 108 95
106 109 72
106 110 21
106 111 12
106 112 84
106 113 12
106 114 77
107 108 13
107 109 78
107 110 72
107 111 74
107 112 52
107 113 98
107 114 43
108 109 77
108 110 10
108 111 15
108 112 14
108 113 90
108 114 82
109 110 46
109 111 28
109 112 45
109 113 24
109 114 49
110 111 39
110 112 88
110 113 93
110 114 40
111 112 18
111 113 10
111 114 36
112 113 23
112 114 16
113 114 20
