0 1 21
0 2 5
0 3 45
0 4 73
0 5 69
0 6 58
0 7 55
0 8 62
0 9 49
0 10 47
0 11 33
0 12 33
0 13 83
0 14 24
0 15 51
0 16 54
0 17 85
0 18 68
0 19 88
0 20 82
0 21 92
0 22 64
0 23 40
0 24 45
0 25 87
0 26 82
0 27 4
0 28 79
0 29 59
0 30 3
0 31 2
0 32 50
0 33 87
0 34 99
0 35 39
0 36 60
0 37 18
0 38 44
0 39 19
0 40 99
0 41 80
0 42 49
0 43 26
0 44 40
0 45 30
0 46 67
0 47 98
0 48 59
0 49 69
0 50 25
0 51 70
0 52 60
0 53 97
0 54 95
0 55 86
0 56 44
0 57 35
0 58 54
0 59 16
0 60 19
0 61 37
0 62 21
0 63 22
0 64 44
0 65 7
0 66 37
0 67 93
0 68 55
0 69 14
0 70 38
0 71 79
0 72 2
0 73 90
0 74 68
0 75 78
0 76 39
0 77 23
0 78 26
0 79 54
0 80 15
0 81 67
0 82 85
0 83 41
0 84 33
0 85 32
0 86 72
0 87 86
0 88 65
0 89 34
0 90 68
0 91 77
0 92 57
0 93 21
0 94 47
1 2 85
1 3 24
1 4 23
1 5 9
1 6 14
1 7 46
1 8 96
1 9 62
1 10 0
1 11 99
1 12 71
1 13 70
1 14 40
1 15 1
1 16 22
1 17 40
1 18 53
1 19 7
1 20 28
1 21 31
1 22 79
1 23 13
1 24 34
1 25 73
1 26 83
1 27 27
1 28 67
1 29 96
1 30 46
1 31 46
1 32 60
1 33 33
1 34 91
1 35 18
1 36 26
1 37 55
1 38 31
1 39 22
1 40 43
1 41 58
1 42 22
1 43 69
1 44 45
1 45 64
1 46 62
1 47 27
1 48 82
1 49 19
1 50 19
1 51 81
1 52 66
1 53 25
1 54 37
1 55 42
1 56 38
1 57 72
1 58 23
1 59 61
1 60 67
1 61 77
1 62 35
1 63 53
1 64 95
1 65 41
1 66 53
1 67 75
1 68 84
1 69 38
1 70 14
1 71 92
1 72 80
1 73 60
1 74 36
1 75 36
1 76 44
1 77 34
1 78 68
1 79 5
1 80 84
1 81 24
1 82 45
1 83 69
1 84 73
1 85 18
1 86 22
1 87 76
1 88 45
1 89 22
1 90 11
1 91 77
1 92 88
1 93 69
1 94 22
2 3 92
2 4 42
2 5 40
2 6 62
2 7 87
2 8 94
2 9 20
2 10 10
2 11 0
2 12 20
2 13 99
2 14 93
2 15 97
2 16 70
2 17 4
2 18 56
2 19 32
2 20 75
2 21 98
2 22 57
2 23 61
2 24 72
2 25 24
2 26 64
2 27 33
2 28 27
2 29 30
2 30 82
2 31 46
2 32 31
2 33 82
2 34 35
2 35 7
2 36 87
2 37 1
2 38 80
2 39 82
2 40 48
2 41 36
2 42 87
2 43 23
2 44 54
2 45 46
2 46 82
2 47 86
2 48 3
2 49 8
2 50 63
2 51 72
2 52 61
2 53 32
2 54 33
2 55 32
2 56 54
2 57 49
2 58 59
2 59 8
2 60 87
2 61 61
2 62 21
2 63 6
2 64 84
2 65 42
2 66 75
2 67 61
2 68 5
2 69 19
2 70 66
2 71 14
2 72 81
2 73 94
2 74 18
2 75 22
2 76 48
2 77 93
2 78 99
2 79 74
2 80 59
2 81 81
2 82 98
2 83 99
2 84 94
2 85 96
2 86 6
2 87 80
2 88 6
2 89 42
2 90 79
2 91 23
2 92 37
2 93 7
2 94 52
3 4 54
3 5 39
3 6 93
3 7 79
3 8 10
3 9 25
3 10 21
3 11 12
3 12 86
3 13 98
3 14 62
3 15 90
3 16 18
3 17 16
3 18 23
3 19 17
3 20 11
3 21 67
3 22 46
3 23 75
3 24 19
3 25 17
3 26 15
3 27 77
3 28 48
3 29 15
3 30 4
3 31 5
3 32 23
3 33 86
3 34 90
3 35 37
3 36 72
3 37 53
3 38 4
3 39 56
3 40 45
3 41 66
3 42 84
3 43 70
3 44 91
3 45 78
3 46 86
3 47 62
3 48 76
3 49 22
3 50 65
3 51 62
3 52 61
3 53 92
3 54 69
3 55 18
3 56 4
3 57 63
3 58 19
3 59 89
3 60 10
3 61 7
3 62 24
3 63 62
3 64 24
3 65 54
3 66 40
3 67 98
3 68 43
3 69 48
3 70 16
3 71 90
3 72 54
3 73 64
3 74 6
3 75 42
3 76 7
3 77 9
3 78 45
3 79 52
3 80 57
3 81 68
3 82 56
3 83 99
3 84 15
3 85 60
3 86 29
3 87 38
3 88 68
3 89 11
3 90 32
3 91 70
3 92 71
3 93 25
3 94 14
4 5 58
4 6 59
4 7 89
4 8 43
4 9 82
4 10 94
4 11 68
4 12 21
4 13 88
4 14 68
4 15 72
4 16 70
4 17 82
4 18 94
4 19 17
4 20 84
4 21 89
4 22 57
4 23 82
4 24 71
4 25 52
4 26 41
4 27 37
4 28 77
4 29 85
4 30 78
4 31 36
4 32 69
4 33 88
4 34 83
4 35 95
4 36 9
4 37 42
4 38 42
4 39 76
4 40 11
4 41 24
4 42 10
4 43 42
4 44 1
4 45 60
4 46 22
4 47 93
4 48 67
4 49 9
4 50 42
4 51 14
4 52 10
4 53 6
4 54 55
4 55 43
4 56 45
4 57 95
4 58 69
4 59 93
4 60 93
4 61 47
4 62 38
4 63 97
4 64 23
4 65 46
4 66 19
4 67 81
4 68 73
4 69 78
4 70 70
4 71 71
4 72 41
4 73 2
4 74 71
4 75 75
4 76 83
4 77 40
4 78 35
4 79 74
4 80 74
4 81 92
4 82 87
4 83 35
4 84 6
4 85 0
4 86 8
4 87 88
4 88 26
4 89 47
4 90 68
4 91 97
4 92 54
4 93 84
4 94 23
5 6 7
5 7 65
5 8 50
5 9 78
5 10 34
5 11 91
5 12 81
5 13 67
5 14 74
5 15 58
5 16 97
5 17 25
5 18 45
5 19 17
5 20 27
5 21 55
5 22 80
5 23 1
5 24 99
5 25 34
5 26 42
5 27 98
5 28 42
5 29 54
5 30 42
5 31 91
5 32 70
5 33 96
5 34 31
5 35 50
5 36 74
5 37 14
5 38 32
5 39 91
5 40 35
5 41 82
5 42 39
5 43 5
5 44 94
5 45 20
5 46 55
5 47 21
5 48 3
5 49 47
5 50 42
5 51 63
5 52 23
5 53 82
5 54 70
5 55 14
5 56 28
5 57 85
5 58 7
5 59 22
5 60 23
5 61 30
5 62 52
5 63 78
5 64 51
5 65 41
5 66 17
5 67 70
5 68 30
5 69 55
5 70 95
5 71 30
5 72 73
5 73 54
5 74 68
5 75 29
5 76 89
5 77 42
5 78 16
5 79 99
5 80 33
5 81 61
5 82 50
5 83 2
5 84 92
5 85 9
5 86 86
5 87 45
5 88 68
5 89 37
5 90 2
5 91 36
5 92 45
5 93 47
5 94 13
6 7 85
6 8 25
6 9 91
6 10 58
6 11 9
6 12 33
6 13 8
6 14 87
6 15 91
6 16 64
6 17 59
6 18 67
6 19 95
6 20 77
6 21 11
6 22 83
6 23 74
6 24 10
6 25 38
6 26 34
6 27 46
6 28 57
6 29 95
6 30 30
6 31 70
6 32 42
6 33 98
6 34 71
6 35 14
6 36 15
6 37 48
6 38 25
6 39 31
6 40 44
6 41 99
6 42 49
6 43 7
6 44 17
6 45 83
6 46 27
6 47 80
6 48 99
6 49 23
6 50 2
6 51 9
6 52 1
6 53 30
6 54 92
6 55 80
6 56 9
6 57 81
6 58 96
6 59 14
6 60 69
6 61 1
6 62 56
6 63 85
6 64 98
6 65 84
6 66 5
6 67 85
6 68 94
6 69 53
6 70 65
6 71 2
6 72 78
6 73 43
6 74 58
6 75 61
6 76 91
6 77 29
6 78 64
6 79 3
6 80 51
6 81 53
6 82 30
6 83 73
6 84 93
6 85 16
6 86 17
6 87 24
6 88 27
6 89 36
6 90 66
6 91 4
6 92 80
6 93 40
6 94 71
7 8 74
7 9 71
7 10 91
7 11 99
7 12 42
7 13 41
7 14 30
7 15 51
7 16 3
7 17 73
7 18 98
7 19 6
7 20 91
7 21 66
7 22 20
7 23 67
7 24 91
7 25 86
7 26 73
7 27 47
7 28 9
7 29 10
7 30 76
7 31 46
7 32 49
7 33 50
7 34 69
7 35 17
7 36 40
7 37 34
7 38 63
7 39 72
7 40 79
7 41 50
7 42 28
7 43 59
7 44 89
7 45 30
7 46 48
7 47 27
7 48 7
7 49 53
7 50 55
7 51 19
7 52 55
7 53 98
7 54 66
7 55 13
7 56 92
7 57 34
7 58 69
7 59 90
7 60 32
7 61 92
7 62 33
7 63 0
7 64 20
7 65 77
7 66 5
7 67 84
7 68 42
7 69 71
7 70 94
7 71 34
7 72 15
7 73 45
7 74 62
7 75 77
7 76 4
7 77 41
7 78 33
7 79 67
7 80 1
7 81 14
7 82 33
7 83 77
7 84 14
7 85 81
7 86 10
7 87 88
7 88 97
7 89 93
7 90 90
7 91 3
7 92 34
7 93 54
7 94 45
8 9 8
8 10 59
8 11 46
8 12 71
8 13 40
8 14 2
8 15 66
8 16 0
8 17 30
8 18 66
8 19 85
8 20 2
8 21 78
8 22 78
8 23 53
8 24 4
8 25 23
8 26 5
8 27 49
8 28 52
8 29 83
8 30 95
8 31 46
8 32 38
8 33 7
8 34 51
8 35 23
8 36 99
8 37 30
8 38 43
8 39 26
8 40 32
8 41 90
8 42 50
8 43 15
8 44 99
8 45 1
8 46 56
8 47 96
8 48 17
8 49 88
8 50 61
8 51 63
8 52 26
8 53 22
8 54 80
8 55 30
8 56 74
8 57 30
8 58 26
8 59 91
8 60 25
8 61 19
8 62 45
8 63 23
8 64 71
8 65 27
8 66 43
8 67 42
8 68 48
8 69 84
8 70 11
8 71 60
8 72 68
8 73 45
8 74 14
8 75 76
8 76 97
8 77 76
8 78 64
8 79 35
8 80 53
8 81 52
8 82 54
8 83 94
8 84 89
8 85 83
8 86 52
8 87 71
8 88 27
8 89 24
8 90 48
8 91 6
8 92 29
8 93 76
8 94 97
9 10 79
9 11 37
9 12 19
9 13 86
9 14 51
9 15 69
9 16 64
9 17 68
9 18 91
9 19 31
9 20 4
9 21 83
9 22 23
9 23 47
9 24 15
9 25 58
9 26 17
9 27 75
9 28 92
9 29 76
9 30 46
9 31 12
9 32 57
9 33 68
9 34 77
9 35 71
9 36 42
9 37 28
9 38 73
9 39 6
9 40 37
9 41 75
9 42 20
9 43 55
9 44 24
9 45 96
9 46 98
9 47 17
9 48 58
9 49 0
9 50 23
9 51 86
9 52 10
9 53 77
9 54 32
9 55 86
9 56 83
9 57 28
9 58 92
9 59 69
9 60 38
9 61 20
9 62 71
9 63 11
9 64 28
9 65 18
9 66 18
9 67 9
9 68 57
9 69 34
9 70 9
9 71 13
9 72 18
9 73 5
9 74 13
9 75 47
9 76 7
9 77 5
9 78 54
9 79 37
9 80 91
9 81 55
9 82 7
9 83 41
9 84 23
9 85 56
9 86 2
9 87 77
9 88 81
9 89 17
9 90 36
9 91 83
9 92 1
9 93 50
9 94 23
10 11 38
10 12 2
10 13 23
10 14 92
10 15 15
10 16 27
10 17 3
10 18 45
10 19 85
10 20 59
10 21 98
10 22 23
10 23 70
10 24 89
10 25 60
10 26 15
10 27 5
10 28 45
10 29 8
10 30 64
10 31 20
10 32 85
10 33 91
10 34 88
10 35 90
10 36 10
10 37 29
10 38 35
10 39 68
10 40 61
10 41 37
10 42 30
10 43 66
10 44 45
10 45 48
10 46 63
10 47 81
10 48 14
10 49 3
10 50 56
10 51 93
10 52 30
10 53 90
10 54 45
10 55 66
10 56 78
10 57 90
10 58 85
10 59 86
10 60 74
10 61 78
10 62 94
10 63 43
10 64 11
10 65 26
10 66 53
10 67 57
10 68 28
10 69 89
10 70 0
10 71 72
10 72 32
10 73 4
10 74 15
10 75 12
10 76 57
10 77 60
10 78 88
10 79 62
10 80 0
10 81 94
10 82 68
10 83 88
10 84 2
10 85 67
10 86 99
10 87 96
10 88 92
10 89 50
10 90 70
10 91 79
10 92 68
10 93 55
10 94 9
11 12 21
11 13 20
11 14 9
11 15 75
11 16 96
11 17 44
11 18 40
11 19 91
11 20 48
11 21 93
11 22 84
11 23 4
11 24 94
11 25 98
11 26 35
11 27 77
11 28 19
11 29 49
11 30 84
11 31 50
11 32 17
11 33 14
11 34 46
11 35 65
11 36 7
11 37 36
11 38 44
11 39 18
11 40 41
11 41 29
11 42 54
11 43 2
11 44 39
11 45 78
11 46 17
11 47 76
11 48 85
11 49 67
11 50 68
11 51 28
11 52 18
11 53 17
11 54 93
11 55 14
11 56 84
11 57 64
11 58 62
11 59 26
11 60 89
11 61 80
11 62 93
11 63 54
11 64 19
11 65 68
11 66 26
11 67 39
11 68 61
11 69 85
11 70 39
11 71 50
11 72 93
11 73 3
11 74 43
11 75 94
11 76 4
11 77 72
11 78 51
11 79 23
11 80 48
11 81 7
11 82 79
11 83 72
11 84 48
11 85 88
11 86 47
11 87 55
11 88 41
11 89 7
11 90 94
11 91 11
11 92 52
11 93 45
11 94 22
12 13 5
12 14 9
12 15 69
12 16 12
12 17 66
12 18 50
12 19 41
12 20 17
12 21 50
12 22 94
12 23 34
12 24 19
12 25 62
12 26 51
12 27 12
12 28 47
12 29 72
12 30 21
12 31 72
12 32 95
12 33 11
12 34 71
12 35 26
12 36 80
12 37 62
12 38 89
12 39 86
12 40 82
12 41 1
12 42 68
12 43 94
12 44 66
12 45 14
12 46 17
12 47 85
12 48 27
12 49 32
12 50 46
12 51 4
12 52 21
12 53 46
12 54 93
12 55 92
12 56 32
12 57 43
12 58 40
12 59 98
12 60 87
12 61 13
12 62 19
12 63 28
12 64 59
12 65 83
12 66 49
12 67 16
12 68 78
12 69 40
12 70 8
12 71 95
12 72 55
12 73 97
12 74 52
12 75 94
12 76 49
12 77 93
12 78 62
12 79 11
12 80 13
12 81 45
12 82 68
12 83 64
12 84 19
12 85 1
12 86 14
12 87 24
12 88 57
12 89 30
12 90 27
12 91 77
12 92 47
12 93 16
12 94 64
13 14 81
13 15 72
13 16 44
13 17 97
13 18 94
13 19 42
13 20 76
13 21 8
13 22 4
13 23 93
13 24 73
13 25 25
13 26 88
13 27 79
13 28 27
13 29 93
13 30 36
13 31 29
13 32 94
13 33 94
13 34 29
13 35 7
13 36 68
13 37 22
13 38 90
13 39 44
13 40 47
13 41 55
13 42 90
13 43 3
13 44 32
13 45 36
13 46 96
13 47 10
13 48 45
13 49 90
13 50 38
13 51 19
13 52 52
13 53 39
13 54 6
13 55 19
13 56 36
13 57 69
13 58 35
13 59 65
13 60 14
13 61 64
13 62 57
13 63 81
13 64 7
13 65 51
13 66 96
13 67 62
13 68 68
13 69 92
13 70 67
13 71 75
13 72 29
13 73 60
13 74 21
13 75 9
13 76 5
13 77 84
13 78 44
13 79 4
13 80 26
13 81 63
13 82 14
13 83 59
13 84 80
13 85 80
13 86 47
13 87 43
13 88 5
13 89 41
13 90 19
13 91 18
13 92 55
13 93 12
13 94 87
14 15 89
14 16 71
14 17 53
14 18 76
14 19 31
14 20 50
14 21 60
14 22 64
14 23 47
14 24 70
14 25 36
14 26 58
14 27 34
14 28 16
14 29 77
14 30 74
14 31 87
14 32 98
14 33 81
14 34 52
14 35 38
14 36 85
14 37 35
14 38 8
14 39 88
14 40 81
14 41 82
14 42 52
14 43 56
14 44 20
14 45 58
14 46 75
14 47 31
14 48 50
14 49 88
14 50 77
14 51 73
14 52 13
14 53 47
14 54 30
14 55 96
14 56 99
14 57 65
14 58 75
14 59 74
14 60 5
14 61 52
14 62 40
14 63 44
14 64 56
14 65 71
14 66 75
14 67 99
14 68 97
14 69 23
14 70 66
14 71 49
14 72 86
14 73 83
14 74 35
14 75 40
14 76 75
14 77 38
14 78 32
14 79 77
14 80 81
14 81 87
14 82 90
14 83 45
14 84 38
14 85 88
14 86 94
14 87 96
14 88 41
14 89 52
14 90 52
14 91 6
14 92 42
14 93 21
14 94 56
15 16 98
15 17 84
15 18 97
15 19 28
15 20 38
15 21 37
15 22 31
15 23 93
15 24 52
15 25 94
15 26 16
15 27 48
15 28 39
15 29 4
15 30 60
15 31 22
15 32 54
15 33 48
15 34 65
15 35 69
15 36 23
15 37 57
15 38 9
15 39 15
15 40 34
15 41 1
15 42 46
15 43 77
15 44 57
15 45 11
15 46 55
15 47 78
15 48 41
15 49 88
15 50 30
15 51 70
15 52 5
15 53 70
15 54 61
15 55 28
15 56 38
15 57 23
15 58 55
15 59 86
15 60 36
15 61 79
15 62 16
15 63 46
15 64 7
15 65 25
15 66 93
15 67 99
15 68 9
15 69 18
15 70 86
15 71 19
15 72 63
15 73 33
15 74 11
15 75 18
15 76 93
15 77 76
15 78 1
15 79 32
15 80 5
15 81 14
15 82 23
15 83 27
15 84 67
15 85 9
15 86 30
15 87 16
15 88 32
15 89 50
15 90 98
15 91 39
15 92 61
15 93 67
15 94 82
16 17 55
16 18 45
16 19 26
16 20 3
16 21 23
16 22 30
16 23 36
16 24 99
16 25 96
16 26 23
16 27 9
16 28 11
16 29 87
16 30 65
16 31 90
16 32 89
16 33 12
16 34 4
16 35 85
16 36 76
16 37 27
16 38 30
16 39 54
16 40 20
16 41 57
16 42 42
16 43 38
16 44 35
16 45 79
16 46 15
16 47 83
16 48 11
16 49 33
16 50 27
16 51 27
16 52 26
16 53 65
16 54 8
16 55 23
16 56 36
16 57 66
16 58 87
16 59 34
16 60 59
16 61 82
16 62 64
16 63 73
16 64 37
16 65 17
16 66 8
16 67 62
16 68 21
16 69 81
16 70 46
16 71 41
16 72 91
16 73 42
16 74 58
16 75 79
16 76 52
16 77 40
16 78 35
16 79 33
16 80 92
16 81 45
16 82 28
16 83 9
16 84 53
16 85 3
16 86 80
16 87 66
16 88 0
16 89 16
16 90 82
16 91 58
16 92 47
16 93 76
16 94 7
17 18 27
17 19 94
17 20 90
17 21 9
17 22 68
17 23 6
17 24 71
17 25 94
17 26 84
17 27 93
17 28 72
17 29 46
17 30 45
17 31 19
17 32 1
17 33 93
17 34 36
17 35 18
17 36 9
17 37 17
17 38 16
17 39 60
17 40 46
17 41 11
17 42 30
17 43 34
17 44 41
17 45 39
17 46 88
17 47 63
17 48 90
17 49 75
17 50 82
17 51 63
17 52 11
17 53 71
17 54 37
17 55 3
17 56 34
17 57 91
17 58 74
17 59 18
17 60 53
17 61 98
17 62 51
17 63 78
17 64 44
17 65 95
17 66 97
17 67 88
17 68 61
17 69 74
17 70 55
17 71 96
17 72 36
17 73 68
17 74 23
17 75 81
17 76 62
17 77 8
17 78 60
17 79 61
17 80 60
17 81 39
17 82 46
17 83 86
17 84 70
17 85 54
17 86 19
17 87 6
17 88 2
17 89 66
17 90 1
17 91 77
17 92 65
17 93 18
17 94 11
18 19 68
18 20 53
18 21 25
18 22 50
18 23 68
18 24 61
18 25 26
18 26 95
18 27 83
18 28 31
18 29 6
18 30 63
18 31 99
18 32 72
18 33 21
18 34 91
18 35 92
18 36 77
18 37 91
18 38 42
18 39 93
18 40 93
18 41 76
18 42 77
18 43 38
18 44 12
18 45 16
18 46 53
18 47 79
18 48 1
18 49 9
18 50 49
18 51 36
18 52 35
18 53 18
18 54 16
18 55 21
18 56 96
18 57 99
18 58 76
18 59 51
18 60 59
18 61 32
18 62 50
18 63 42
18 64 85
18 65 32
18 66 82
18 67 93
18 68 35
18 69 89
18 70 80
18 71 64
18 72 74
18 73 71
18 74 41
18 75 84
18 76 13
18 77 83
18 78 19
18 79 49
18 80 31
18 81 40
18 82 49
18 83 91
18 84 71
18 85 52
18 86 21
18 87 31
18 88 0
18 89 56
18 90 71
18 91 20
18 92 65
18 93 71
18 94 81
19 20 27
19 21 23
19 22 36
19 23 31
19 24 89
19 25 10
19 26 87
19 27 45
19 28 42
19 29 86
19 30 39
19 31 5
19 32 53
19 33 1
19 34 8
19 35 19
19 36 81
19 37 35
19 38 2
19 39 53
19 40 28
19 41 28
19 42 88
19 43 46
19 44 86
19 45 70
19 46 58
19 47 17
19 48 53
19 49 89
19 50 33
19 51 2
19 52 78
19 53 10
19 54 40
19 55 36
19 56 99
19 57 21
19 58 65
19 59 90
19 60 49
19 61 79
19 62 11
19 63 88
19 64 36
19 65 33
19 66 24
19 67 75
19 68 51
19 69 31
19 70 47
19 71 6
19 72 68
19 73 92
19 74 3
19 75 84
19 76 78
19 77 18
19 78 76
19 79 56
19 80 39
19 81 61
19 82 69
19 83 11
19 84 1
19 85 99
19 86 18
19 87 65
19 88 18
19 89 75
19 90 69
19 91 20
19 92 36
19 93 68
19 94 12
20 21 49
20 22 68
20 23 8
20 24 57
20 25 4
20 26 29
20 27 30
20 28 58
20 29 93
20 30 45
20 31 2
20 32 19
20 33 40
20 34 58
20 35 51
20 36 97
20 37 3
20 38 59
20 39 64
20 40 0
20 41 17
20 42 60
20 43 47
20 44 14
20 45 87
20 46 20
20 47 31
20 48 36
20 49 10
20 50 73
20 51 31
20 52 21
20 53 76
20 54 64
20 55 72
20 56 14
20 57 47
20 58 20
20 59 31
20 60 0
20 61 55
20 62 30
20 63 25
20 64 64
20 65 34
20 66 70
20 67 59
20 68 51
20 69 84
20 70 45
20 71 58
20 72 34
20 73 96
20 74 83
20 75 79
20 76 81
20 77 39
20 78 37
20 79 39
20 80 70
20 81 76
20 82 2
20 83 92
20 84 9
20 85 54
20 86 7
20 87 20
20 88 61
20 89 48
20 90 76
20 91 93
20 92 95
20 93 46
20 94 13
21 22 70
21 23 91
21 24 36
21 25 62
21 26 94
21 27 5
21 28 20
21 29 77
21 30 42
21 31 14
21 32 63
21 33 59
21 34 44
21 35 93
21 36 12
21 37 48
21 38 35
21 39 6
21 40 32
21 41 98
21 42 75
21 43 27
21 44 34
21 45 38
21 46 39
21 47 69
21 48 31
21 49 87
21 50 63
21 51 50
21 52 83
21 53 27
21 54 78
21 55 28
21 56 44
21 57 81
21 58 12
21 59 7
21 60 74
21 61 32
21 62 15
21 63 81
21 64 83
21 65 40
21 66 93
21 67 94
21 68 80
21 69 60
21 70 36
21 71 66
21 72 78
21 73 23
21 74 10
21 75 67
21 76 87
21 77 84
21 78 3
21 79 0
21 80 24
21 81 77
21 82 35
21 83 31
21 84 90
21 85 15
21 86 29
21 87 63
21 88 5
21 89 85
21 90 99
21 91 20
21 92 82
21 93 86
21 94 19
22 23 24
22 24 95
22 25 57
22 26 43
22 27 98
22 28 7
22 29 73
22 30 80
22 31 70
22 32 55
22 33 35
22 34 78
22 35 72
22 36 87
22 37 44
22 38 0
22 39 69
22 40 72
22 41 25
22 42 64
22 43 29
22 44 25
22 45 52
22 46 56
22 47 57
22 48 22
22 49 77
22 50 90
22 51 44
22 52 12
22 53 84
22 54 22
22 55 7
22 56 45
22 57 67
22 58 55
22 59 7
22 60 82
22 61 22
22 62 50
22 63 55
22 64 72
22 65 74
22 66 89
22 67 4
22 68 19
22 69 55
22 70 15
22 71 63
22 72 58
22 73 7
22 74 17
22 75 29
22 76 82
22 77 83
22 78 20
22 79 60
22 80 54
22 81 79
22 82 26
22 83 68
22 84 85
22 85 8
22 86 70
22 87 19
22 88 10
22 89 32
22 90 63
22 91 65
22 92 67
22 93 7
22 94 33
23 24 58
23 25 49
23 26 34
23 27 49
23 28 81
23 29 67
23 30 49
23 31 26
23 32 18
23 33 59
23 34 90
23 35 28
23 36 97
23 37 82
23 38 20
23 39 70
23 40 79
23 41 61
23 42 12
23 43 97
23 44 6
23 45 34
23 46 55
23 47 49
23 48 46
23 49 26
23 50 51
23 51 76
23 52 61
23 53 14
23 54 50
23 55 73
23 56 60
23 57 52
23 58 35
23 59 44
23 60 55
23 61 3
23 62 24
23 63 28
23 64 24
23 65 68
23 66 86
23 67 4
23 68 0
23 69 92
23 70 67
23 71 26
23 72 99
23 73 18
23 74 27
23 75 92
23 76 15
23 77 87
23 78 88
23 79 99
23 80 27
23 81 53
23 82 58
23 83 58
23 84 49
23 85 14
23 86 41
23 87 19
23 88 7
23 89 45
23 90 89
23 91 55
23 92 78
23 93 62
23 94 85
24 25 94
24 26 14
24 27 13
24 28 78
24 29 50
24 30 88
24 31 36
24 32 88
24 33 54
24 34 56
24 35 69
24 36 94
24 37 37
24 38 44
24 39 24
24 40 94
24 41 10
24 42 10
24 43 71
24 44 38
24 45 2
24 46 32
24 47 88
24 48 97
24 49 48
24 50 62
24 51 65
24 52 59
24 53 82
24 54 27
24 55 13
24 56 74
24 57 13
24 58 77
24 59 89
24 60 91
24 61 59
24 62 32
24 63 89
24 64 22
24 65 45
24 66 6
24 67 68
24 68 10
24 69 12
24 70 69
24 71 50
24 72 45
24 73 96
24 74 3
24 75 39
24 76 49
24 77 86
24 78 36
24 79 56
24 80 62
24 81 23
24 82 6
24 83 55
24 84 32
24 85 1
24 86 43
24 87 63
24 88 76
24 89 10
24 90 44
24 91 67
24 92 47
24 93 8
24 94 62
25 26 96
25 27 75
25 28 93
25 29 36
25 30 33
25 31 55
25 32 95
25 33 52
25 34 84
25 35 18
25 36 62
25 37 35
25 38 8
25 39 84
25 40 55
25 41 1
25 42 62
25 43 45
25 44 48
25 45 27
25 46 0
25 47 63
25 48 86
25 49 12
25 50 81
25 51 13
25 52 22
25 53 20
25 54 23
25 55 7
25 56 69
25 57 7
25 58 18
25 59 69
25 60 94
25 61 6
25 62 76
25 63 83
25 64 86
25 65 88
25 66 94
25 67 7
25 68 51
25 69 87
25 70 79
25 71 16
25 72 60
25 73 8
25 74 82
25 75 26
25 76 28
25 77 9
25 78 73
25 79 10
25 80 30
25 81 21
25 82 31
25 83 54
25 84 45
25 85 1
25 86 72
25 87 16
25 88 57
25 89 62
25 90 50
25 91 85
25 92 61
25 93 19
25 94 76
26 27 8
26 28 37
26 29 13
26 30 14
26 31 68
26 32 89
26 33 14
26 34 4
26 35 62
26 36 25
26 37 50
26 38 30
26 39 55
26 40 95
26 41 94
26 42 29
26 43 21
26 44 38
26 45 85
26 46 82
26 47 13
26 48 90
26 49 46
26 50 32
26 51 98
26 52 46
26 53 41
26 54 55
26 55 47
26 56 86
26 57 46
26 58 39
26 59 4
26 60 30
26 61 11
26 62 19
26 63 89
26 64 54
26 65 19
26 66 86
26 67 9
26 68 9
26 69 73
26 70 67
26 71 0
26 72 31
26 73 30
26 74 47
26 75 3
26 76 22
26 77 41
26 78 55
26 79 83
26 80 79
26 81 77
26 82 6
26 83 17
26 84 18
26 85 92
26 86 33
26 87 48
26 88 10
26 89 6
26 90 66
26 91 13
26 92 54
26 93 32
26 94 78
27 28 66
27 29 8
27 30 41
27 31 1
27 32 81
27 33 88
27 34 21
27 35 78
27 36 82
27 37 69
27 38 22
27 39 67
27 40 65
27 41 5
27 42 49
27 43 33
27 44 85
27 45 83
27 46 79
27 47 75
27 48 69
27 49 80
27 50 37
27 51 20
27 52 98
27 53 80
27 54 7
27 55 89
27 56 29
27 57 6
27 58 55
27 59 65
27 60 16
27 61 78
27 62 36
27 63 62
27 64 6
27 65 34
27 66 24
27 67 40
27 68 75
27 69 11
27 70 37
27 71 94
27 72 61
27 73 77
27 74 94
27 75 6
27 76 79
27 77 46
27 78 70
27 79 29
27 80 22
27 81 22
27 82 9
27 83 10
27 84 61
27 85 74
27 86 91
27 87 50
27 88 94
27 89 78
27 90 35
27 91 23
27 92 47
27 93 9
27 94 27
28 29 6
28 30 63
28 31 62
28 32 16
28 33 69
28 34 17
28 35 7
28 36 8
28 37 64
28 38 55
28 39 54
28 40 5
28 41 34
28 42 65
28 43 5
28 44 4
28 45 53
28 46 60
28 47 7
28 48 30
28 49 26
28 50 87
28 51 69
28 52 11
28 53 13
28 54 57
28 55 53
28 56 97
28 57 70
28 58 68
28 59 43
28 60 37
28 61 12
28 62 97
28 63 14
28 64 8
28 65 94
28 66 37
28 67 61
28 68 27
28 69 78
28 70 63
28 71 40
28 72 9
28 73 54
28 74 23
28 75 15
28 76 29
28 77 68
28 78 41
28 79 41
28 80 1
28 81 62
28 82 59
28 83 78
28 84 82
28 85 82
28 86 31
28 87 55
28 88 70
28 89 56
28 90 40
28 91 85
28 92 61
28 93 2
28 94 14
29 30 10
29 31 57
29 32 1
29 33 7
29 34 20
29 35 41
29 36 53
29 37 29
29 38 68
29 39 47
29 40 48
29 41 9
29 42 91
29 43 37
29 44 90
29 45 61
29 46 11
29 47 23
29 48 59
29 49 46
29 50 12
29 51 70
29 52 14
29 53 90
29 54 94
29 55 21
29 56 71
29 57 61
29 58 25
29 59 53
29 60 82
29 61 93
29 62 29
29 63 9
29 64 72
29 65 72
29 66 0
29 67 37
29 68 32
29 69 44
29 70 56
29 71 74
29 72 76
29 73 41
29 74 33
29 75 60
29 76 16
29 77 75
29 78 68
29 79 39
29 80 15
29 81 89
29 82 22
29 83 88
29 84 51
29 85 97
29 86 43
29 87 14
29 88 68
29 89 21
29 90 92
29 91 55
29 92 94
29 93 69
29 94 26
30 31 17
30 32 9
30 33 69
30 34 46
30 35 64
30 36 1
30 37 50
30 38 39
30 39 95
30 40 94
30 41 93
30 42 47
30 43 35
30 44 90
30 45 21
30 46 37
30 47 31
30 48 20
30 49 10
30 50 48
30 51 60
30 52 27
30 53 75
30 54 14
30 55 1
30 56 21
30 57 40
30 58 64
30 59 66
30 60 89
30 61 71
30 62 31
30 63 20
30 64 16
30 65 82
30 66 9
30 67 48
30 68 2
30 69 74
30 70 80
30 71 61
30 72 86
30 73 97
30 74 80
30 75 64
30 76 31
30 77 83
30 78 51
30 79 68
30 80 98
30 81 87
30 82 53
30 83 74
30 84 64
30 85 66
30 86 0
30 87 25
30 88 66
30 89 14
30 90 76
30 91 88
30 92 65
30 93 12
30 94 16
31 32 58
31 33 92
31 34 5
31 35 89
31 36 32
31 37 55
31 38 0
31 39 72
31 40 57
31 41 48
31 42 8
31 43 44
31 44 90
31 45 69
31 46 55
31 47 9
31 48 29
31 49 85
31 50 3
31 51 99
31 52 63
31 53 74
31 54 35
31 55 49
31 56 98
31 57 82
31 58 97
31 59 22
31 60 38
31 61 19
31 62 66
31 63 16
31 64 29
31 65 55
31 66 68
31 67 18
31 68 71
31 69 24
31 70 40
31 71 31
31 72 45
31 73 37
31 74 12
31 75 4
31 76 40
31 77 52
31 78 26
31 79 86
31 80 14
31 81 51
31 82 73
31 83 16
31 84 34
31 85 28
31 86 81
31 87 86
31 88 52
31 89 73
31 90 22
31 91 76
31 92 2
31 93 22
31 94 96
32 33 1
32 34 23
32 35 68
32 36 79
32 37 8
32 38 57
32 39 74
32 40 40
32 41 37
32 42 27
32 43 16
32 44 10
32 45 5
32 46 67
32 47 7
32 48 83
32 49 99
32 50 86
32 51 85
32 52 49
32 53 78
32 54 46
32 55 73
32 56 65
32 57 13
32 58 90
32 59 14
32 60 55
32 61 4
32 62 51
32 63 61
32 64 39
32 65 15
32 66 60
32 67 41
32 68 74
32 69 79
32 70 66
32 71 8
32 72 2
32 73 40
32 74 41
32 75 80
32 76 27
32 77 26
32 78 57
32 79 21
32 80 57
32 81 81
32 82 25
32 83 28
32 84 94
32 85 13
32 86 1
32 87 27
32 88 33
32 89 39
32 90 83
32 91 20
32 92 61
32 93 11
32 94 54
33 34 70
33 35 32
33 36 69
33 37 58
33 38 29
33 39 36
33 40 98
33 41 37
33 42 60
33 43 74
33 44 71
33 45 37
33 46 89
33 47 32
33 48 82
33 49 57
33 50 94
33 51 88
33 52 9
33 53 3
33 54 74
33 55 36
33 56 62
33 57 57
33 58 33
33 59 95
33 60 39
33 61 26
33 62 50
33 63 86
33 64 11
33 65 73
33 66 60
33 67 87
33 68 90
33 69 81
33 70 34
33 71 27
33 72 24
33 73 5
33 74 86
33 75 44
33 76 95
33 77 83
33 78 81
33 79 10
33 80 85
33 81 0
33 82 50
33 83 24
33 84 73
33 85 66
33 86 94
33 87 86
33 88 34
33 89 0
33 90 67
33 91 98
33 92 3
33 93 59
33 94 12
34 35 67
34 36 80
34 37 12
34 38 16
34 39 95
34 40 37
34 41 88
34 42 57
34 43 46
34 44 22
34 45 66
34 46 73
34 47 46
34 48 61
34 49 75
34 50 48
34 51 27
34 52 64
34 53 45
34 54 3
34 55 16
34 56 77
34 57 47
34 58 24
34 59 94
34 60 64
34 61 43
34 62 51
34 63 96
34 64 1
34 65 71
34 66 86
34 67 23
34 68 20
34 69 45
34 70 0
34 71 62
34 72 47
34 73 5
34 74 53
34 75 7
34 76 75
34 77 22
34 78 16
34 79 9
34 80 94
34 81 15
34 82 95
34 83 99
34 84 75
34 85 50
34 86 80
34 87 69
34 88 27
34 89 69
34 90 17
34 91 45
34 92 92
34 93 1
34 94 59
35 36 69
35 37 12
35 38 32
35 39 97
35 40 95
35 41 26
35 42 26
35 43 10
35 44 47
35 45 0
35 46 35
35 47 86
35 48 24
35 49 57
35 50 97
35 51 33
35 52 73
35 53 17
35 54 70
35 55 23
35 56 26
35 57 57
35 58 34
35 59 8
35 60 59
35 61 90
35 62 75
35 63 25
35 64 18
35 65 52
35 66 62
35 67 76
35 68 47
35 69 56
35 70 33
35 71 35
35 72 73
35 73 90
35 74 83
35 75 79
35 76 31
35 77 81
35 78 90
35 79 74
35 80 84
35 81 47
35 82 5
35 83 38
35 84 97
35 85 26
35 86 32
35 87 23
35 88 43
35 89 40
35 90 41
35 91 36
35 92 32
35 93 76
35 94 45
36 37 31
36 38 72
36 39 35
36 40 90
36 41 57
36 42 19
36 43 19
36 44 17
36 45 65
36 46 88
36 47 13
36 48 24
36 49 45
36 50 16
36 51 41
36 52 5
36 53 7
36 54 20
36 55 85
36 56 23
36 57 97
36 58 36
36 59 26
36 60 65
36 61 51
36 62 63
36 63 81
36 64 31
36 65 3
36 66 79
36 67 75
36 68 51
36 69 44
36 70 12
36 71 30
36 72 69
36 73 49
36 74 8
36 75 64
36 76 86
36 77 15
36 78 33
36 79 50
36 80 26
36 81 3
36 82 94
36 83 96
36 84 33
36 85 77
36 86 36
36 87 82
36 88 5
36 89 30
36 90 81
36 91 0
36 92 28
36 93 65
36 94 58
37 38 50
37 39 84
37 40 80
37 41 35
37 42 28
37 43 26
37 44 90
37 45 16
37 46 6
37 47 52
37 48 7
37 49 24
37 50 3
37 51 5
37 52 26
37 53 94
37 54 5
37 55 66
37 56 15
37 57 49
37 58 51
37 59 52
37 60 54
37 61 53
37 62 20
37 63 20
37 64 76
37 65 61
37 66 60
37 67 71
37 68 18
37 69 40
37 70 32
37 71 75
37 72 8
37 73 66
37 74 58
37 75 24
37 76 65
37 77 9
37 78 79
37 79 66
37 80 47
37 81 80
37 82 38
37 83 57
37 84 75
37 85 35
37 86 23
37 87 65
37 88 65
37 89 41
37 90 2
37 91 44
37 92 60
37 93 70
37 94 30
38 39 35
38 40 45
38 41 39
38 42 72
38 43 86
38 44 94
38 45 27
38 46 92
38 47 64
38 48 31
38 49 37
38 50 38
38 51 90
38 52 5
38 53 26
38 54 33
38 55 47
38 56 94
38 57 59
38 58 18
38 59 78
38 60 70
38 61 94
38 62 81
38 63 12
38 64 1
38 65 58
38 66 66
38 67 25
38 68 94
38 69 70
38 70 22
38 71 24
38 72 69
38 73 10
38 74 10
38 75 85
38 76 24
38 77 0
38 78 35
38 79 89
38 80 68
38 81 40
38 82 85
38 83 90
38 84 39
38 85 75
38 86 11
38 87 54
38 88 43
38 89 28
38 90 82
38 91 92
38 92 5
38 93 15
38 94 11
39 40 82
39 41 59
39 42 58
39 43 66
39 44 33
39 45 40
39 46 3
39 47 53
39 48 5
39 49 39
39 50 36
39 51 74
39 52 93
39 53 66
39 54 38
39 55 29
39 56 94
39 57 71
39 58 61
39 59 79
39 60 63
39 61 21
39 62 0
39 63 10
39 64 16
39 65 84
39 66 51
39 67 26
39 68 22
39 69 60
39 70 73
39 71 52
39 72 31
39 73 99
39 74 65
39 75 34
39 76 84
39 77 75
39 78 53
39 79 69
39 80 45
39 81 18
39 82 35
39 83 92
39 84 83
39 85 84
39 86 33
39 87 71
39 88 41
39 89 38
39 90 44
39 91 97
39 92 34
39 93 35
39 94 19
40 41 21
40 42 40
40 43 70
40 44 9
40 45 36
40 46 74
40 47 45
40 48 66
40 49 86
40 50 14
40 51 91
40 52 51
40 53 45
40 54 75
40 55 59
40 56 98
40 57 96
40 58 79
40 59 64
40 60 66
40 61 90
40 62 98
40 63 3
40 64 0
40 65 6
40 66 37
40 67 93
40 68 62
40 69 16
40 70 46
40 71 8
40 72 44
40 73 17
40 74 88
40 75 32
40 76 12
40 77 99
40 78 42
40 79 16
40 80 10
40 81 29
40 82 42
40 83 76
40 84 16
40 85 33
40 86 92
40 87 91
40 88 62
40 89 76
40 90 55
40 91 14
40 92 0
40 93 80
40 94 96
41 42 63
41 43 61
41 44 26
41 45 42
41 46 63
41 47 78
41 48 23
41 49 33
41 50 1
41 51 72
41 52 86
41 53 94
41 54 45
41 55 49
41 56 74
41 57 53
41 58 11
41 59 31
41 60 68
41 61 29
41 62 12
41 63 59
41 64 16
41 65 44
41 66 28
41 67 75
41 68 80
41 69 48
41 70 25
41 71 17
41 72 70
41 73 52
41 74 92
41 75 53
41 76 22
41 77 14
41 78 62
41 79 37
41 80 97
41 81 26
41 82 83
41 83 86
41 84 64
41 85 83
41 86 61
41 87 30
41 88 44
41 89 36
41 90 47
41 91 7
41 92 14
41 93 30
41 94 80
42 43 17
42 44 87
42 45 13
42 46 54
42 47 36
42 48 76
42 49 63
42 50 54
42 51 92
42 52 94
42 53 66
42 54 55
42 55 59
42 56 59
42 57 58
42 58 22
42 59 88
42 60 45
42 61 39
42 62 67
42 63 3
42 64 49
42 65 40
42 66 14
42 67 82
42 68 57
42 69 7
42 70 92
42 71 71
42 72 59
42 73 58
42 74 68
42 75 44
42 76 79
42 77 10
42 78 76
42 79 38
42 80 60
42 81 70
42 82 71
42 83 98
42 84 14
42 85 94
42 86 67
42 87 0
42 88 16
42 89 56
42 90 22
42 91 70
42 92 65
42 93 22
42 94 9
43 44 59
43 45 87
43 46 48
43 47 82
43 48 13
43 49 85
43 50 7
43 51 96
43 52 9
43 53 18
43 54 60
43 55 12
43 56 15
43 57 27
43 58 9
43 59 41
43 60 98
43 61 46
43 62 37
43 63 64
43 64 29
43 65 65
43 66 3
43 67 14
43 68 35
43 69 39
43 70 15
43 71 4
43 72 45
43 73 15
43 74 90
43 75 10
43 76 76
43 77 26
43 78 26
43 79 57
43 80 43
43 81 51
43 82 52
43 83 19
43 84 70
43 85 57
43 86 38
43 87 88
43 88 78
43 89 71
43 90 27
43 91 82
43 92 68
43 93 41
43 94 28
44 45 71
44 46 18
44 47 37
44 48 69
44 49 60
44 50 51
44 51 20
44 52 12
44 53 32
44 54 47
44 55 28
44 56 91
44 57 6
44 58 4
44 59 22
44 60 71
44 61 91
44 62 2
44 63 59
44 64 11
44 65 22
44 66 88
44 67 75
44 68 41
44 69 76
44 70 84
44 71 0
44 72 2
44 73 75
44 74 82
44 75 60
44 76 72
44 77 72
44 78 40
44 79 64
44 80 92
44 81 76
44 82 15
44 83 5
44 84 74
44 85 79
44 86 40
44 87 52
44 88 34
44 89 73
44 90 44
44 91 53
44 92 86
44 93 16
44 94 92
45 46 10
45 47 61
45 48 23
45 49 6
45 50 72
45 51 3
45 52 3
45 53 4
45 54 33
45 55 23
45 56 39
45 57 51
45 58 64
45 59 84
45 60 9
45 61 28
45 62 14
45 63 88
45 64 3
45 65 63
45 66 30
45 67 97
45 68 39
45 69 44
45 70 87
45 71 26
45 72 45
45 73 80
45 74 22
45 75 10
45 76 36
45 77 11
45 78 20
45 79 61
45 80 7
45 81 1
45 82 8
45 83 82
45 84 69
45 85 81
45 86 35
45 87 38
45 88 50
45 89 80
45 90 4
45 91 53
45 92 50
45 93 28
45 94 77
46 47 21
46 48 55
46 49 2
46 50 88
46 51 53
46 52 67
46 53 34
46 54 37
46 55 22
46 56 84
46 57 65
46 58 9
46 59 88
46 60 52
46 61 93
46 62 22
46 63 56
46 64 62
46 65 83
46 66 94
46 67 98
46 68 40
46 69 31
46 70 16
46 71 16
46 72 55
46 73 17
46 74 23
46 75 39
46 76 95
46 77 0
46 78 86
46 79 7
46 80 55
46 81 40
46 82 8
46 83 17
46 84 73
46 85 77
46 86 83
46 87 72
46 88 26
46 89 13
46 90 31
46 91 83
46 92 26
46 93 97
46 94 88
47 48 2
47 49 71
47 50 80
47 51 93
47 52 19
47 53 9
47 54 75
47 55 95
47 56 48
47 57 4
47 58 87
47 59 73
47 60 13
47 61 16
47 62 74
47 63 30
47 64 61
47 65 63
47 66 31
47 67 65
47 68 21
47 69 78
47 70 27
47 71 4
47 72 77
47 73 22
47 74 50
47 75 25
47 76 11
47 77 11
47 78 18
47 79 77
47 80 43
47 81 88
47 82 72
47 83 62
47 84 58
47 85 5
47 86 58
47 87 52
47 88 35
47 89 8
47 90 1
47 91 41
47 92 67
47 93 8
47 94 65
48 49 36
48 50 70
48 51 57
48 52 30
48 53 29
48 54 67
48 55 80
48 56 35
48 57 85
48 58 37
48 59 18
48 60 10
48 61 6
48 62 34
48 63 98
48 64 21
48 65 82
48 66 85
48 67 36
48 68 2
48 69 40
48 70 10
48 71 62
48 72 62
48 73 57
48 74 59
48 75 97
48 76 98
48 77 38
48 78 3
48 79 62
48 80 35
48 81 23
48 82 37
48 83 28
48 84 0
48 85 50
48 86 52
48 87 53
48 88 0
48 89 90
48 90 70
48 91 56
48 92 84
48 93 85
48 94 6
49 50 99
49 51 55
49 52 49
49 53 85
49 54 18
49 55 26
49 56 83
49 57 37
49 58 13
49 59 78
49 60 81
49 61 63
49 62 72
49 63 56
49 64 46
49 65 52
49 66 22
49 67 46
49 68 79
49 69 92
49 70 45
49 71 69
49 72 1
49 73 73
49 74 13
49 75 91
49 76 4
49 77 61
49 78 67
49 79 34
49 80 36
49 81 39
49 82 62
49 83 18
49 84 45
49 85 56
49 86 44
49 87 60
49 88 0
49 89 16
49 90 49
49 91 42
49 92 86
49 93 65
49 94 84
50 51 38
50 52 25
50 53 43
50 54 40
50 55 28
50 56 36
50 57 3
50 58 14
50 59 98
50 60 60
50 61 92
50 62 0
50 63 17
50 64 52
50 65 82
50 66 28
50 67 2
50 68 55
50 69 34
50 70 22
50 71 28
50 72 14
50 73 74
50 74 23
50 75 48
50 76 77
50 77 73
50 78 19
50 79 94
50 80 32
50 81 42
50 82 94
50 83 51
50 84 11
50 85 12
50 86 46
50 87 65
50 88 89
50 89 66
50 90 70
50 91 5
50 92 19
50 93 63
50 94 60
51 52 46
51 53 1
51 54 90
51 55 24
51 56 39
51 57 78
51 58 1
51 59 69
51 60 37
51 61 73
51 62 29
51 63 69
51 64 4
51 65 28
51 66 55
51 67 87
51 68 84
51 69 4
51 70 88
51 71 82
51 72 86
51 73 54
51 74 80
51 75 89
51 76 23
51 77 34
51 78 0
51 79 92
51 80 67
51 81 46
51 82 76
51 83 85
51 84 29
51 85 80
51 86 9
51 87 85
51 88 17
51 89 24
51 90 82
51 91 37
51 92 83
51 93 35
51 94 68
52 53 73
52 54 67
52 55 97
52 56 87
52 57 24
52 58 43
52 59 18
52 60 90
52 61 84
52 62 38
52 63 84
52 64 41
52 65 35
52 66 75
52 67 29
52 68 91
52 69 79
52 70 81
52 71 9
52 72 37
52 73 0
52 74 89
52 75 38
52 76 25
52 77 39
52 78 90
52 79 97
52 80 70
52 81 51
52 82 34
52 83 78
52 84 20
52 85 62
52 86 99
52 87 92
52 88 36
52 89 36
52 90 82
52 91 62
52 92 81
52 93 8
52 94 74
53 54 20
53 55 15
53 56 79
53 57 38
53 58 13
53 59 10
53 60 89
53 61 46
53 62 93
53 63 66
53 64 35
53 65 33
53 66 22
53 67 66
53 68 50
53 69 60
53 70 85
53 71 93
53 72 88
53 73 14
53 74 41
53 75 77
53 76 95
53 77 95
53 78 15
53 79 20
53 80 70
53 81 84
53 82 27
53 83 55
53 84 61
53 85 5
53 86 89
53 87 33
53 88 71
53 89 2
53 90 93
53 91 81
53 92 22
53 93 52
53 94 60
54 55 31
54 56 58
54 57 28
54 58 81
54 59 0
54 60 95
54 61 85
54 62 78
54 63 88
54 64 62
54 65 75
54 66 22
54 67 63
54 68 15
54 69 38
54 70 90
54 71 35
54 72 66
54 73 13
54 74 78
54 75 70
54 76 95
54 77 2
54 78 21
54 79 0
54 80 89
54 81 70
54 82 47
54 83 64
54 84 92
54 85 35
54 86 32
54 87 41
54 88 99
54 89 95
54 90 66
54 91 25
54 92 84
54 93 68
54 94 13
55 56 14
55 57 37
55 58 79
55 59 63
55 60 61
55 61 5
55 62 39
55 63 12
55 64 12
55 65 67
55 66 73
55 67 16
55 68 24
55 69 2
55 70 23
55 71 35
55 72 28
55 73 62
55 74 77
55 75 5
55 76 86
55 77 9
55 78 97
55 79 58
55 80 3
55 81 83
55 82 3
55 83 40
55 84 27
55 85 58
55 86 95
55 87 88
55 88 3
55 89 9
55 90 78
55 91 96
55 92 25
55 93 8
55 94 40
56 57 97
56 58 6
56 59 77
56 60 78
56 61 35
56 62 64
56 63 25
56 64 19
56 65 83
56 66 24
56 67 46
56 68 55
56 69 5
56 70 71
56 71 22
56 72 3
56 73 51
56 74 49
56 75 69
56 76 84
56 77 84
56 78 0
56 79 26
56 80 7
56 81 46
56 82 30
56 83 31
56 84 52
56 85 29
56 86 97
56 87 56
56 88 38
56 89 75
56 90 75
56 91 76
56 92 43
56 93 54
56 94 7
57 58 66
57 59 19
57 60 3
57 61 60
57 62 11
57 63 33
57 64 35
57 65 80
57 66 71
57 67 90
57 68 34
57 69 57
57 70 2
57 71 77
57 72 73
57 73 21
57 74 54
57 75 61
57 76 26
57 77 10
57 78 51
57 79 64
57 80 95
57 81 69
57 82 26
57 83 53
57 84 47
57 85 37
57 86 42
57 87 82
57 88 23
57 89 96
57 90 87
57 91 64
57 92 18
57 93 97
57 94 33
58 59 8
58 60 57
58 61 23
58 62 37
58 63 66
58 64 90
58 65 88
58 66 77
58 67 62
58 68 56
58 69 28
58 70 30
58 71 82
58 72 26
58 73 45
58 74 13
58 75 34
58 76 89
58 77 27
58 78 38
58 79 12
58 80 46
58 81 67
58 82 39
58 83 75
58 84 41
58 85 94
58 86 33
58 87 89
58 88 50
58 89 98
58 90 90
58 91 58
58 92 67
58 93 40
58 94 59
59 60 96
59 61 36
59 62 31
59 63 59
59 64 5
59 65 15
59 66 20
59 67 78
59 68 2
59 69 2
59 70 60
59 71 14
59 72 65
59 73 15
59 74 66
59 75 46
59 76 90
59 77 62
59 78 35
59 79 80
59 80 48
59 81 22
59 82 4
59 83 81
59 84 16
59 85 19
59 86 0
59 87 6
59 88 9
59 89 86
59 90 42
59 91 31
59 92 94
59 93 7
59 94 10
60 61 72
60 62 13
60 63 68
60 64 28
60 65 7
60 66 21
60 67 9
60 68 17
60 69 12
60 70 60
60 71 77
60 72 90
60 73 3
60 74 25
60 75 84
60 76 67
60 77 4
60 78 14
60 79 98
60 80 73
60 81 94
60 82 21
60 83 93
60 84 52
60 85 2
60 86 69
60 87 1
60 88 76
60 89 79
60 90 62
60 91 72
60 92 55
60 93 47
60 94 84
61 62 46
61 63 80
61 64 51
61 65 54
61 66 21
61 67 63
61 68 45
61 69 47
61 70 0
61 71 21
61 72 82
61 73 83
61 74 46
61 75 4
61 76 19
61 77 9
61 78 0
61 79 73
61 80 47
61 81 41
61 82 21
61 83 1
61 84 50
61 85 78
61 86 7
61 87 22
61 88 4
61 89 32
61 90 0
61 91 41
61 92 45
61 93 37
61 94 80
62 63 38
62 64 24
62 65 34
62 66 29
62 67 19
62 68 57
62 69 69
62 70 29
62 71 49
62 72 91
62 73 18
62 74 39
62 75 91
62 76 32
62 77 79
62 78 12
62 79 7
62 80 84
62 81 84
62 82 20
62 83 4
62 84 90
62 85 16
62 86 55
62 87 61
62 88 56
62 89 89
62 90 10
62 91 90
62 92 48
62 93 5
62 94 84
63 64 77
63 65 7
63 66 77
63 67 39
63 68 50
63 69 93
63 70 25
63 71 89
63 72 67
63 73 33
63 74 73
63 75 55
63 76 11
63 77 58
63 78 23
63 79 86
63 80 51
63 81 33
63 82 4
63 83 67
63 84 2
63 85 9
63 86 85
63 87 77
63 88 6
63 89 67
63 90 93
63 91 51
63 92 40
63 93 80
63 94 37
64 65 13
64 66 98
64 67 36
64 68 59
64 69 70
64 70 18
64 71 13
64 72 54
64 73 60
64 74 36
64 75 85
64 76 53
64 77 19
64 78 20
64 79 18
64 80 70
64 81 31
64 82 82
64 83 71
64 84 60
64 85 89
64 86 14
64 87 49
64 88 64
64 89 84
64 90 58
64 91 77
64 92 57
64 93 98
64 94 17
65 66 16
65 67 26
65 68 59
65 69 13
65 70 40
65 71 57
65 72 95
65 73 50
65 74 42
65 75 1
65 76 65
65 77 7
65 78 41
65 79 22
65 80 53
65 81 80
65 82 78
65 83 87
65 84 71
65 85 55
65 86 54
65 87 98
65 88 60
65 89 15
65 90 49
65 91 7
65 92 90
65 93 35
65 94 74
66 67 72
66 68 65
66 69 94
66 70 59
66 71 40
66 72 91
66 73 20
66 74 49
66 75 26
66 76 64
66 77 89
66 78 72
66 79 60
66 80 10
66 81 68
66 82 38
66 83 86
66 84 28
66 85 54
66 86 45
66 87 4
66 88 3
66 89 33
66 90 53
66 91 48
66 92 97
66 93 81
66 94 87
67 68 34
67 69 14
67 70 31
67 71 66
67 72 42
67 73 5
67 74 72
67 75 59
67 76 1
67 77 93
67 78 96
67 79 58
67 80 29
67 81 17
67 82 39
67 83 98
67 84 34
67 85 65
67 86 14
67 87 81
67 88 7
67 89 47
67 90 93
67 91 49
67 92 47
67 93 91
67 94 97
68 69 67
68 70 52
68 71 56
68 72 26
68 73 10
68 74 52
68 75 50
68 76 8
68 77 23
68 78 24
68 79 77
68 80 36
68 81 68
68 82 1
68 83 85
68 84 77
68 85 79
68 86 54
68 87 74
68 88 22
68 89 14
68 90 55
68 91 53
68 92 99
68 93 10
68 94 64
69 70 27
69 71 71
69 72 28
69 73 41
69 74 11
69 75 21
69 76 48
69 77 0
69 78 75
69 79 81
69 80 74
69 81 81
69 82 58
69 83 58
69 84 49
69 85 43
69 86 27
69 87 26
69 88 4
69 89 78
69 90 75
69 91 88
69 92 80
69 93 23
69 94 59
70 71 4
70 72 37
70 73 15
70 74 76
70 75 33
70 76 27
70 77 77
70 78 14
70 79 91
70 80 85
70 81 21
70 82 13
70 83 62
70 84 57
70 85 29
70 86 60
70 87 28
70 88 5
70 89 84
70 90 63
70 91 31
70 92 75
70 93 31
70 94 14
71 72 47
71 73 82
71 74 51
71 75 19
71 76 18
71 77 71
71 78 45
71 79 92
71 80 74
71 81 1
71 82 16
71 83 50
71 84 79
71 85 66
71 86 31
71 87 84
71 88 94
71 89 49
71 90 11
71 91 55
71 92 3
71 93 50
71 94 35
72 73 9
72 74 66
72 75 2
72 76 50
72 77 81
72 78 60
72 79 16
72 80 40
72 81 1
72 82 60
72 83 55
72 84 85
72 85 77
72 86 40
72 87 29
72 88 65
72 89 94
72 90 23
72 91 10
72 92 30
72 93 14
72 94 83
73 74 73
73 75 55
73 76 98
73 77 12
73 78 66
73 79 93
73 80 58
73 81 23
73 82 15
73 83 53
73 84 31
73 85 87
73 86 27
73 87 22
73 88 0
73 89 91
73 90 89
73 91 52
73 92 83
73 93 51
73 94 47
74 75 63
74 76 22
74 77 74
74 78 84
74 79 38
74 80 67
74 81 18
74 82 42
74 83 47
74 84 48
74 85 51
74 86 96
74 87 65
74 88 18
74 89 67
74 90 65
74 91 35
74 92 75
74 93 9
74 94 97
75 76 99
75 77 47
75 78 0
75 79 36
75 80 85
75 81 94
75 82 70
75 83 74
75 84 53
75 85 77
75 86 67
75 87 81
75 88 95
75 89 49
75 90 64
75 91 21
75 92 5
75 93 17
75 94 36
76 77 26
76 78 80
76 79 16
76 80 74
76 81 27
76 82 41
76 83 78
76 84 69
76 85 1
76 86 25
76 87 48
76 88 29
76 89 0
76 90 46
76 91 8
76 92 32
76 93 31
76 94 32
77 78 3
77 79 60
77 80 46
77 81 79
77 82 28
77 83 16
77 84 39
77 85 98
77 86 58
77 87 10
77 88 85
77 89 60
77 90 65
77 91 19
77 92 31
77 93 16
77 94 38
78 79 57
78 80 89
78 81 99
78 82 67
78 83 38
78 84 32
78 85 79
78 86 0
78 87 49
78 88 12
78 89 15
78 90 98
78 91 7
78 92 57
78 93 16
78 94 69
79 80 42
79 81 86
79 82 33
79 83 50
79 84 6
79 85 29
79 86 97
79 87 46
79 88 99
79 89 78
79 90 55
79 91 63
79 92 75
79 93 49
79 94 60
80 81 46
80 82 15
80 83 7
80 84 30
80 85 92
80 86 37
80 87 11
80 88 98
80 89 76
80 90 1
80 91 97
80 92 94
80 93 78
80 94 6
81 82 98
81 83 61
81 84 65
81 85 93
81 86 72
81 87 83
81 88 54
81 89 69
81 90 70
81 91 20
81 92 38
81 93 91
81 94 52
82 83 0
82 84 51
82 85 74
82 86 99
82 87 87
82 88 39
82 89 32
82 90 12
82 91 74
82 92 96
82 93 21
82 94 95
83 84 65
83 85 53
83 86 85
83 87 85
83 88 52
83 89 13
83 90 11
83 91 80
83 92 66
83 93 97
83 94 5
84 85 73
84 86 88
84 87 81
84 88 24
84 89 43
84 90 22
84 91 57
84 92 79
84 93 0
84 94 35
85 86 51
85 87 99
85 88 69
85 89 22
85 90 62
85 91 15
85 92 27
85 93 90
85 94 90
86 87 24
86 88 74
86 89 4
86 90 20
86 91 77
86 92 30
86 93 58
86 94 54
87 88 58
87 89 88
87 90 33
87 91 13
87 92 68
87 93 29
87 94 68
88 89 6
88 90 81
88 91 3
88 92 66
88 93 65
88 94 56
89 90 83
89 91 53
89 92 5
89 93 37
89 94 6
90 91 55
90 92 7
90 93 48
90 94 23
91 92 53
91 93 35
91 94 47
92 93 10
92 94 36
93 94 22
