0 1 43
0 2 23
0 3 67
0 4 70
0 5 84
0 6 73
0 7 61
0 8 96
0 9 61
0 10 96
0 11 10
0 12 6
0 13 2
0 14 13
1 2 97
1 3 1
1 4 83
1 5 15
1 6 47
1 7 3
1 8 45
1 9 92
1 10 60
1 11 43
1 12 81
1 13 3
1 14 23
2 3 62
2 4 78
2 5 4
2 6 9
2 7 18
2 8 55
2 9 33
2 10 98
2 11 46
2 12 32
2 13 18
2 14 41
3 4 31
3 5 78
3 6 78
3 7 48
3 8 67
3 9 96
3 10 55
3 11 35
3 12 67
3 13 13
3 14 8
4 5 48
4 6 18
4 7 31
4 8 50
4 9 42
4 10 79
4 11 41
4 12 55
4 13 70
4 14 53
5 6 74
5 7 92
5 8 71
5 9 26
5 10 35
5 11 74
5 12 36
5 13 12
5 14 5
6 7 13
6 8 95
6 9 60
6 10 34
6 11 19
6 12 56
6 13 11
6 14 21
7 8 15
7 9 86
7 10 16
7 11 95
7 12 72
7 13 61
7 14 11
8 9 66
8 10 42
8 11 40
8 12 44
8 13 64
8 14 37
9 10 66
9 11 77
9 12 12
9 13 80
9 14 52
10 11 76
10 12 68
10 13 84
10 14 52
11 12 48
11 13 28
11 14 59
12 13 65
12 14 38
13 14 54
