669 134
657 974
668 102
536 229
630 344
197 423
731 838
724 840
975 969
424 933
615 66
963 55
632 38
945 445
97 521
363 920
62 582
537 924
14 926
240 191
333 506
546 7
687 231
467 693
924 20
128 687
203 395
675 120
911 586
456 565
940 197
972 111
55 103
536 239
958 828
886 304
744 330
672 966
308 118
86 677
958 240
336 555
504 236
641 940
167 461
329 356
194 937
134 262
744 872
315 795
75 356
546 684
672 704
741 853
768 267
214 600
763 332
328 832
349 380
468 126
417 922
917 942
242 148
648 657
692 722
447 30
826 165
273 669
595 936
420 231
837 830
143 389
602 313
870 419
51 860
578 508
726 960
446 372
927 458
15 10
82 723
914 574
262 998
283 609
34 579
722 102
674 8
196 546
633 252
396 551
613 170
219 721
237 455
396 805
267 948
574 607
747 939
517 742
837 977
964 713
550 762
639 331
870 649
944 546
232 755
