278 814
304 775
661 713
823 429
850 923
468 330
714 742
303 573
789 841
883 824
42 40
454 623
286 511
691 574
413 841
32 776
621 26
378 249
516 263
997 708
170 234
71 619
560 932
401 593
342 130
646 781
453 757
553 827
450 315
504 242
196 658
259 764
499 871
402 427
762 762
697 70
480 43
610 41
170 639
2 945
142 511
614 797
645 869
439 928
625 641
458 40
701 296
420 794
337 822
201 655
544 231
222 127
793 43
427 685
319 554
821 430
931 803
608 459
103 408
857 897
745 934
779 198
660 318
900 291
498 402
920 908
226 143
47 141
631 149
184 957
