0 1 20
0 2 38
0 3 92
0 4 44
0 5 77
0 6 13
0 7 74
0 8 2
0 9 37
0 10 0
0 11 7
0 12 81
0 13 47
0 14 38
0 15 85
0 16 37
0 17 98
0 18 64
0 19 33
0 20 12
0 21 4
0 22 24
0 23 82
0 24 12
0 25 70
0 26 43
0 27 99
0 28 68
0 29 3
0 30 8
0 31 51
0 32 14
0 33 9
0 34 89
0 35 79
0 36 48
0 37 35
0 38 42
0 39 21
0 40 53
0 41 74
0 42 27
0 43 64
0 44 57
0 45 60
0 46 48
0 47 8
0 48 29
0 49 79
0 50 5
0 51 35
0 52 88
0 53 42
0 54 64
0 55 92
0 56 1
0 57 55
0 58 29
0 59 41
1 2 17
1 3 34
1 4 41
1 5 99
1 6 38
1 7 10
1 8 56
1 9 48
1 10 76
1 11 61
1 12 74
1 13 21
1 14 35
1 15 45
1 16 38
1 17 81
1 18 97
1 19 60
1 20 46
1 21 8
1 22 43
1 23 55
1 24 73
1 25 96
1 26 37
1 27 9
1 28 78
1 29 32
1 30 70
1 31 27
1 32 65
1 33 97
1 34 42
1 35 88
1 36 31
1 37 34
1 38 85
1 39 45
1 40 8
1 41 42
1 42 79
1 43 96
1 44 44
1 45 25
1 46 5
1 47 43
1 48 99
1 49 80
1 50 41
1 51 77
1 52 19
1 53 86
1 54 12
1 55 68
1 56 20
1 57 11
1 58 24
1 59 3
2 3 99
2 4 69
2 5 62
2 6 83
2 7 13
2 8 25
2 9 77
2 10 6
2 11 95
2 12 51
2 13 14
2 14 66
2 15 22
2 16 15
2 17 42
2 18 5
2 19 97
2 20 1
2 21 35
2 22 90
2 23 92
2 24 64
2 25 72
2 26 82
2 27 66
2 28 18
2 29 61
2 30 21
2 31 58
2 32 80
2 33 95
2 34 38
2 35 8
2 36 75
2 37 85
2 38 53
2 39 82
2 40 68
2 41 82
2 42 28
2 43 48
2 44 76
2 45 30
2 46 27
2 47 66
2 48 75
2 49 57
2 50 58
2 51 50
2 52 54
2 53 20
2 54 2
2 55 9
2 56 79
2 57 29
2 58 98
2 59 2
3 4 66
3 5 56
3 6 29
3 7 16
3 8 44
3 9 0
3 10 34
3 11 93
3 12 79
3 13 44
3 14 14
3 15 27
3 16 12
3 17 19
3 18 42
3 19 35
3 20 47
3 21 82
3 22 87
3 23 42
3 24 62
3 25 48
3 26 2
3 27 42
3 28 6
3 29 22
3 30 71
3 31 26
3 32 17
3 33 42
3 34 84
3 35 51
3 36 98
3 37 98
3 38 93
3 39 19
3 40 15
3 41 8
3 42 61
3 43 61
3 44 35
3 45 56
3 46 39
3 47 76
3 48 44
3 49 73
3 50 21
3 51 46
3 52 99
3 53 98
3 54 31
3 55 29
3 56 87
3 57 89
3 58 86
3 59 83
4 5 77
4 6 8
4 7 39
4 8 47
4 9 88
4 10 85
4 11 41
4 12 81
4 13 43
4 14 78
4 15 57
4 16 22
4 17 41
4 18 15
4 19 51
4 20 24
4 21 60
4 22 5
4 23 48
4 24 40
4 25 67
4 26 77
4 27 54
4 28 22
4 29 92
4 30 75
4 31 28
4 32 31
4 33 68
4 34 41
4 35 87
4 36 42
4 37 69
4 38 83
4 39 45
4 40 33
4 41 62
4 42 66
4 43 44
4 44 1
4 45 38
4 46 90
4 47 53
4 48 47
4 49 35
4 50 94
4 51 5
4 52 52
4 53 99
4 54 0
4 55 76
4 56 98
4 57 69
4 58 1
4 59 64
5 6 17
5 7 26
5 8 72
5 9 63
5 10 78
5 11 88
5 12 24
5 13 2
5 14 15
5 15 85
5 16 63
5 17 34
5 18 86
5 19 29
5 20 82
5 21 80
5 22 27
5 23 69
5 24 86
5 25 63
5 26 46
5 27 61
5 28 81
5 29 10
5 30 0
5 31 0
5 32 81
5 33 7
5 34 33
5 35 14
5 36 63
5 37 8
5 38 75
5 39 48
5 40 3
5 41 79
5 42 23
5 43 4
5 44 51
5 45 76
5 46 89
5 47 96
5 48 94
5 49 34
5 50 38
5 51 37
5 52 15
5 53 20
5 54 71
5 55 66
5 56 99
5 57 65
5 58 18
5 59 26
6 7 89
6 8 76
6 9 98
6 10 68
6 11 64
6 12 34
6 13 87
6 14 60
6 15 25
6 16 7
6 17 41
6 18 18
6 19 21
6 20 66
6 21 5
6 22 39
6 23 3
6 24 10
6 25 26
6 26 68
6 27 71
6 28 32
6 29 6
6 30 18
6 31 15
6 32 94
6 33 73
6 34 20
6 35 63
6 36 5
6 37 70
6 38 30
6 39 47
6 40 87
6 41 77
6 42 64
6 43 0
6 44 19
6 45 82
6 46 81
6 47 66
6 48 27
6 49 8
6 50 90
6 51 65
6 52 95
6 53 5
6 54 40
6 55 48
6 56 80
6 57 79
6 58 28
6 59 14
7 8 79
7 9 57
7 10 17
7 11 44
7 12 1
7 13 24
7 14 67
7 15 41
7 16 10
7 17 40
7 18 98
7 19 74
7 20 50
7 21 49
7 22 67
7 23 24
7 24 16
7 25 78
7 26 34
7 27 57
7 28 88
7 29 97
7 30 75
7 31 20
7 32 20
7 33 22
7 34 61
7 35 75
7 36 31
7 37 67
7 38 90
7 39 2
7 40 31
7 41 59
7 42 47
7 43 17
7 44 8
7 45 17
7 46 84
7 47 15
7 48 1
7 49 96
7 50 26
7 51 1
7 52 36
7 53 54
7 54 71
7 55 34
7 56 57
7 57 94
7 58 31
7 59 34
8 9 90
8 10 85
8 11 21
8 12 10
8 13 84
8 14 20
8 15 54
8 16 26
8 17 63
8 18 4
8 19 3
8 20 67
8 21 55
8 22 21
8 23 60
8 24 13
8 25 88
8 26 63
8 27 66
8 28 91
8 29 2
8 30 6
8 31 23
8 32 42
8 33 60
8 34 46
8 35 1
8 36 21
8 37 54
8 38 52
8 39 0
8 40 56
8 41 61
8 42 37
8 43 56
8 44 80
8 45 21
8 46 32
8 47 49
8 48 80
8 49 16
8 50 14
8 51 32
8 52 62
8 53 23
8 54 67
8 55 24
8 56 21
8 57 10
8 58 82
8 59 98
9 10 30
9 11 61
9 12 75
9 13 82
9 14 61
9 15 29
9 16 95
9 17 90
9 18 9
9 19 51
9 20 75
9 21 52
9 22 0
9 23 30
9 24 37
9 25 19
9 26 43
9 27 66
9 28 40
9 29 4
9 30 92
9 31 81
9 32 92
9 33 6
9 34 16
9 35 72
9 36 77
9 37 99
9 38 16
9 39 19
9 40 90
9 41 7
9 42 12
9 43 85
9 44 47
9 45 33
9 46 4
9 47 95
9 48 59
9 49 51
9 50 91
9 51 37
9 52 22
9 53 48
9 54 87
9 55 33
9 56 78
9 57 44
9 58 11
9 59 99
10 11 47
10 12 77
10 13 24
10 14 94
10 15 41
10 16 65
10 17 61
10 18 99
10 19 69
10 20 27
10 21 57
10 22 44
10 23 62
10 24 6
10 25 9
10 26 33
10 27 63
10 28 60
10 29 88
10 30 72
10 31 58
10 32 52
10 33 2
10 34 78
10 35 8
10 36 58
10 37 87
10 38 41
10 39 71
10 40 17
10 41 4
10 42 27
10 43 72
10 44 32
10 45 69
10 46 21
10 47 75
10 48 26
10 49 77
10 50 25
10 51 72
10 52 56
10 53 87
10 54 36
10 55 25
10 56 92
10 57 97
10 58 94
10 59 75
11 12 69
11 13 41
11 14 0
11 15 92
11 16 51
11 17 30
11 18 46
11 19 85
11 20 27
11 21 57
11 22 55
11 23 81
11 24 82
11 25 98
11 26 33
11 27 69
11 28 89
11 29 54
11 30 79
11 31 44
11 32 98
11 33 76
11 34 93
11 35 41
11 36 16
11 37 9
11 38 5
11 39 68
11 40 66
11 41 81
11 42 24
11 43 89
11 44 61
11 45 46
11 46 1
11 47 14
11 48 41
11 49 43
11 50 33
11 51 46
11 52 11
11 53 71
11 54 86
11 55 91
11 56 71
11 57 83
11 58 69
11 59 58
12 13 10
12 14 97
12 15 40
12 16 21
12 17 88
12 18 25
12 19 80
12 20 41
12 21 54
12 22 17
12 23 42
12 24 75
12 25 56
12 26 42
12 27 72
12 28 94
12 29 42
12 30 95
12 31 82
12 32 13
12 33 73
12 34 21
12 35 4
12 36 16
12 37 53
12 38 52
12 39 49
12 40 66
12 41 19
12 42 15
12 43 0
12 44 50
12 45 70
12 46 74
12 47 90
12 48 40
12 49 65
12 50 84
12 51 24
12 52 82
12 53 31
12 54 2
12 55 80
12 56 8
12 57 75
12 58 35
12 59 68
13 14 45
13 15 45
13 16 14
13 17 35
13 18 61
13 19 10
13 20 57
13 21 7
13 22 21
13 23 60
13 24 66
13 25 70
13 26 12
13 27 77
13 28 22
13 29 62
13 30 26
13 31 80
13 32 61
13 33 73
13 34 73
13 35 18
13 36 94
13 37 22
13 38 79
13 39 39
13 40 13
13 41 1
13 42 83
13 43 0
13 44 42
13 45 9
13 46 93
13 47 97
13 48 14
13 49 0
13 50 24
13 51 32
13 52 19
13 53 4
13 54 15
13 55 51
13 56 97
13 57 5
13 58 79
13 59 50
14 15 22
14 16 2
14 17 75
14 18 26
14 19 28
14 20 35
14 21 72
14 22 23
14 23 64
14 24 6
14 25 60
14 26 57
14 27 19
14 28 12
14 29 19
14 30 14
14 31 16
14 32 46
14 33 88
14 34 28
14 35 73
14 36 88
14 37 74
14 38 45
14 39 76
14 40 33
14 41 71
14 42 80
14 43 20
14 44 59
14 45 67
14 46 62
14 47 71
14 48 51
14 49 35
14 50 42
14 51 65
14 52 64
14 53 39
14 54 94
14 55 93
14 56 68
14 57 91
14 58 53
14 59 79
15 16 57
15 17 87
15 18 95
15 19 64
15 20 73
15 21 79
15 22 46
15 23 39
15 24 83
15 25 71
15 26 95
15 27 84
15 28 22
15 29 70
15 30 15
15 31 90
15 32 44
15 33 0
15 34 83
15 35 31
15 36 89
15 37 33
15 38 5
15 39 73
15 40 77
15 41 44
15 42 10
15 43 20
15 44 74
15 45 53
15 46 49
15 47 77
15 48 19
15 49 17
15 50 43
15 51 50
15 52 1
15 53 50
15 54 10
15 55 94
15 56 43
15 57 66
15 58 25
15 59 41
16 17 79
16 18 50
16 19 74
16 20 84
16 21 93
16 22 93
16 23 74
16 24 65
16 25 22
16 26 48
16 27 29
16 28 5
16 29 98
16 30 84
16 31 7
16 32 77
16 33 4
16 34 45
16 35 70
16 36 87
16 37 51
16 38 9
16 39 49
16 40 50
16 41 26
16 42 87
16 43 47
16 44 77
16 45 37
16 46 99
16 47 15
16 48 38
16 49 75
16 50 94
16 51 90
16 52 83
16 53 99
16 54 61
16 55 86
16 56 51
16 57 73
16 58 19
16 59 93
17 18 57
17 19 21
17 20 67
17 21 35
17 22 5
17 23 40
17 24 92
17 25 6
17 26 71
17 27 90
17 28 23
17 29 33
17 30 24
17 31 18
17 32 27
17 33 79
17 34 31
17 35 57
17 36 75
17 37 1
17 38 78
17 39 40
17 40 58
17 41 0
17 42 15
17 43 88
17 44 39
17 45 34
17 46 30
17 47 4
17 48 78
17 49 6
17 50 61
17 51 67
17 52 50
17 53 33
17 54 55
17 55 61
17 56 6
17 57 53
17 58 68
17 59 16
18 19 8
18 20 31
18 21 27
18 22 46
18 23 81
18 24 7
18 25 86
18 26 25
18 27 87
18 28 61
18 29 96
18 30 94
18 31 25
18 32 20
18 33 12
18 34 42
18 35 68
18 36 45
18 37 87
18 38 31
18 39 73
18 40 54
18 41 9
18 42 19
18 43 46
18 44 3
18 45 25
18 46 17
18 47 45
18 48 75
18 49 18
18 50 13
18 51 48
18 52 61
18 53 53
18 54 98
18 55 18
18 56 68
18 57 75
18 58 70
18 59 91
19 20 28
19 21 88
19 22 79
19 23 10
19 24 51
19 25 84
19 26 80
19 27 60
19 28 95
19 29 13
19 30 53
19 31 46
19 32 90
19 33 30
19 34 5
19 35 22
19 36 0
19 37 40
19 38 94
19 39 25
19 40 94
19 41 28
19 42 1
19 43 63
19 44 62
19 45 41
19 46 16
19 47 60
19 48 32
19 49 68
19 50 54
19 51 14
19 52 69
19 53 33
19 54 73
19 55 20
19 56 38
19 57 52
19 58 25
19 59 29
20 21 80
20 22 71
20 23 36
20 24 8
20 25 67
20 26 42
20 27 86
20 28 8
20 29 68
20 30 73
20 31 15
20 32 39
20 33 87
20 34 29
20 35 45
20 36 62
20 37 57
20 38 72
20 39 13
20 40 15
20 41 14
20 42 18
20 43 36
20 44 62
20 45 17
20 46 42
20 47 71
20 48 84
20 49 73
20 50 3
20 51 19
20 52 72
20 53 67
20 54 60
20 55 53
20 56 95
20 57 31
20 58 17
20 59 60
21 22 99
21 23 44
21 24 81
21 25 31
21 26 80
21 27 89
21 28 44
21 29 43
21 30 8
21 31 89
21 32 26
21 33 1
21 34 90
21 35 12
21 36 57
21 37 76
21 38 3
21 39 46
21 40 49
21 41 34
21 42 93
21 43 84
21 44 88
21 45 90
21 46 98
21 47 52
21 48 37
21 49 75
21 50 25
21 51 12
21 52 71
21 53 67
21 54 3
21 55 68
21 56 24
21 57 38
21 58 46
21 59 25
22 23 77
22 24 54
22 25 37
22 26 37
22 27 83
22 28 80
22 29 57
22 30 84
22 31 13
22 32 5
22 33 14
22 34 19
22 35 59
22 36 49
22 37 98
22 38 61
22 39 97
22 40 46
22 41 32
22 42 68
22 43 31
22 44 39
22 45 11
22 46 37
22 47 86
22 48 65
22 49 80
22 50 63
22 51 94
22 52 43
22 53 48
22 54 7
22 55 18
22 56 46
22 57 23
22 58 72
22 59 98
23 24 1
23 25 55
23 26 55
23 27 50
23 28 42
23 29 76
23 30 37
23 31 78
23 32 98
23 33 65
23 34 44
23 35 39
23 36 0
23 37 49
23 38 95
23 39 76
23 40 29
23 41 51
23 42 11
23 43 88
23 44 13
23 45 80
23 46 44
23 47 69
23 48 52
23 49 60
23 50 68
23 51 91
23 52 40
23 53 94
23 54 9
23 55 36
23 56 58
23 57 54
23 58 8
23 59 24
24 25 58
24 26 84
24 27 24
24 28 47
24 29 84
24 30 88
24 31 32
24 32 58
24 33 35
24 34 93
24 35 25
24 36 23
24 37 43
24 38 18
24 39 68
24 40 22
24 41 35
24 42 94
24 43 16
24 44 97
24 45 83
24 46 8
24 47 92
24 48 71
24 49 96
24 50 34
24 51 9
24 52 18
24 53 53
24 54 48
24 55 50
24 56 83
24 57 77
24 58 33
24 59 57
25 26 12
25 27 96
25 28 84
25 29 98
25 30 9
25 31 39
25 32 11
25 33 15
25 34 1
25 35 75
25 36 98
25 37 72
25 38 70
25 39 38
25 40 82
25 41 26
25 42 52
25 43 52
25 44 90
25 45 24
25 46 69
25 47 14
25 48 89
25 49 12
25 50 25
25 51 63
25 52 28
25 53 60
25 54 40
25 55 29
25 56 38
25 57 14
25 58 53
25 59 69
26 27 37
26 28 86
26 29 32
26 30 3
26 31 56
26 32 43
26 33 12
26 34 78
26 35 34
26 36 44
26 37 42
26 38 94
26 39 8
26 40 53
26 41 52
26 42 26
26 43 42
26 44 70
26 45 74
26 46 66
26 47 50
26 48 29
26 49 18
26 50 54
26 51 83
26 52 28
26 53 38
26 54 99
26 55 74
26 56 0
26 57 55
26 58 72
26 59 5
27 28 28
27 29 80
27 30 59
27 31 92
27 32 14
27 33 14
27 34 56
27 35 23
27 36 66
27 37 54
27 38 62
27 39 66
27 40 19
27 41 45
27 42 25
27 43 22
27 44 17
27 45 80
27 46 88
27 47 44
27 48 75
27 49 91
27 50 9
27 51 1
27 52 73
27 53 44
27 54 62
27 55 19
27 56 24
27 57 98
27 58 53
27 59 48
28 29 1
28 30 39
28 31 18
28 32 96
28 33 68
28 34 38
28 35 62
28 36 99
28 37 5
28 38 18
28 39 43
28 40 90
28 41 42
28 42 74
28 43 75
28 44 0
28 45 38
28 46 2
28 47 20
28 48 21
28 49 35
28 50 6
28 51 89
28 52 59
28 53 79
28 54 29
28 55 38
28 56 85
28 57 52
28 58 65
28 59 26
29 30 29
29 31 27
29 32 48
29 33 68
29 34 4
29 35 80
29 36 54
29 37 72
29 38 61
29 39 19
29 40 50
29 41 45
29 42 56
29 43 66
29 44 55
29 45 20
29 46 11
29 47 87
29 48 96
29 49 18
29 50 22
29 51 25
29 52 0
29 53 29
29 54 30
29 55 99
29 56 5
29 57 75
29 58 70
29 59 53
30 31 21
30 32 26
30 33 69
30 34 90
30 35 90
30 36 27
30 37 81
30 38 48
30 39 49
30 40 7
30 41 56
30 42 60
30 43 72
30 44 64
30 45 94
30 46 62
30 47 40
30 48 27
30 49 16
30 50 11
30 51 35
30 52 17
30 53 47
30 54 93
30 55 79
30 56 24
30 57 32
30 58 62
30 59 65
31 32 89
31 33 14
31 34 42
31 35 9
31 36 58
31 37 11
31 38 59
31 39 19
31 40 65
31 41 70
31 42 82
31 43 93
31 44 6
31 45 52
31 46 72
31 47 69
31 48 89
31 49 25
31 50 52
31 51 73
31 52 21
31 53 47
31 54 34
31 55 66
31 56 14
31 57 1
31 58 10
31 59 40
32 33 90
32 34 18
32 35 26
32 36 68
32 37 4
32 38 65
32 39 96
32 40 7
32 41 34
32 42 54
32 43 3
32 44 1
32 45 19
32 46 31
32 47 28
32 48 12
32 49 20
32 50 46
32 51 96
32 52 76
32 53 11
32 54 9
32 55 19
32 56 18
32 57 69
32 58 95
32 59 3
33 34 82
33 35 85
33 36 1
33 37 74
33 38 97
33 39 52
33 40 2
33 41 35
33 42 90
33 43 97
33 44 73
33 45 75
33 46 57
33 47 14
33 48 44
33 49 58
33 50 1
33 51 31
33 52 99
33 53 39
33 54 77
33 55 58
33 56 8
33 57 46
33 58 89
33 59 19
34 35 95
34 36 58
34 37 52
34 38 40
34 39 70
34 40 22
34 41 44
34 42 92
34 43 37
34 44 69
34 45 36
34 46 14
34 47 18
34 48 68
34 49 69
34 50 12
34 51 66
34 52 17
34 53 61
34 54 63
34 55 1
34 56 52
34 57 85
34 58 96
34 59 43
35 36 58
35 37 90
35 38 92
35 39 70
35 40 47
35 41 93
35 42 33
35 43 81
35 44 61
35 45 92
35 46 59
35 47 96
35 48 56
35 49 21
35 50 94
35 51 51
35 52 42
35 53 26
35 54 30
35 55 43
35 56 19
35 57 44
35 58 73
35 59 68
36 37 15
36 38 48
36 39 56
36 40 55
36 41 42
36 42 28
36 43 98
36 44 88
36 45 77
36 46 31
36 47 65
36 48 73
36 49 87
36 50 86
36 51 64
36 52 43
36 53 62
36 54 0
36 55 31
36 56 9
36 57 24
36 58 92
36 59 40
37 38 42
37 39 44
37 40 47
37 41 58
37 42 45
37 43 35
37 44 24
37 45 55
37 46 78
37 47 1
37 48 19
37 49 34
37 50 55
37 51 42
37 52 75
37 53 85
37 54 96
37 55 83
37 56 25
37 57 24
37 58 26
37 59 55
38 39 30
38 40 30
38 41 19
38 42 64
38 43 69
38 44 79
38 45 80
38 46 66
38 47 59
38 48 36
38 49 41
38 50 10
38 51 10
38 52 66
38 53 99
38 54 77
38 55 40
38 56 90
38 57 43
38 58 40
38 59 69
39 40 79
39 41 11
39 42 37
39 43 90
39 44 78
39 45 4
39 46 37
39 47 91
39 48 94
39 49 81
39 50 0
39 51 11
39 52 76
39 53 63
39 54 86
39 55 88
39 56 50
39 57 77
39 58 16
39 59 67
40 41 78
40 42 0
40 43 96
40 44 42
40 45 39
40 46 61
40 47 51
40 48 95
40 49 71
40 50 54
40 51 37
40 52 91
40 53 24
40 54 44
40 55 73
40 56 21
40 57 82
40 58 59
40 59 80
41 42 69
41 43 36
41 44 53
41 45 70
41 46 47
41 47 66
41 48 13
41 49 60
41 50 19
41 51 73
41 52 16
41 53 91
41 54 85
41 55 96
41 56 57
41 57 46
41 58 8
41 59 5
42 43 25
42 44 25
42 45 6
42 46 38
42 47 56
42 48 78
42 49 26
42 50 75
42 51 68
42 52 66
42 53 96
42 54 71
42 55 63
42 56 20
42 57 62
42 58 68
42 59 30
43 44 67
43 45 70
43 46 31
43 47 32
43 48 29
43 49 0
43 50 89
43 51 10
43 52 48
43 53 86
43 54 99
43 55 22
43 56 67
43 57 88
43 58 21
43 59 0
44 45 85
44 46 88
44 47 26
44 48 21
44 49 93
44 50 20
44 51 66
44 52 79
44 53 66
44 54 95
44 55 32
44 56 6
44 57 93
44 58 93
44 59 14
45 46 18
45 47 67
45 48 42
45 49 76
45 50 72
45 51 93
45 52 67
45 53 3
45 54 63
45 55 94
45 56 17
45 57 25
45 58 28
45 59 74
46 47 93
46 48 69
46 49 15
46 50 84
46 51 57
46 52 73
46 53 68
46 54 28
46 55 2
46 56 7
46 57 93
46 58 87
46 59 70
47 48 88
47 49 87
47 50 71
47 51 78
47 52 51
47 53 45
47 54 0
47 55 43
47 56 88
47 57 77
47 58 21
47 59 93
48 49 59
48 50 24
48 51 60
48 52 68
48 53 67
48 54 98
48 55 76
48 56 57
48 57 19
48 58 78
48 59 23
49 50 53
49 51 33
49 52 8
49 53 56
49 54 60
49 55 44
49 56 83
49 57 83
49 58 71
49 59 68
50 51 84
50 52 8
50 53 19
50 54 43
50 55 40
50 56 88
50 57 65
50 58 44
50 59 14
51 52 80
51 53 68
51 54 98
51 55 28
51 56 59
51 57 35
51 58 36
51 59 14
52 53 35
52 54 15
52 55 74
52 56 70
52 57 9
52 58 41
52 59 65
53 54 8
53 55 40
53 56 26
53 57 56
53 58 43
53 59 40
54 55 96
54 56 9
54 57 35
54 58 41
54 59 81
55 56 26
55 57 37
55 58 47
55 59 23
56 57 45
56 58 14
56 59 90
57 58 19
57 59 56
58 59 81
