0 1 68
0 2 55
0 3 59
0 4 99
0 5 35
0 6 71
0 7 30
0 8 27
0 9 65
0 10 24
0 11 98
0 12 90
0 13 73
0 14 66
0 15 12
0 16 36
0 17 32
0 18 86
0 19 85
0 20 44
0 21 9
0 22 76
0 23 30
0 24 71
0 25 6
0 26 67
0 27 51
0 28 90
0 29 65
0 30 73
0 31 62
0 32 70
0 33 63
0 34 12
0 35 15
0 36 28
0 37 75
0 38 4
0 39 93
0 40 5
0 41 65
0 42 68
0 43 65
0 44 11
0 45 98
0 46 96
0 47 45
0 48 22
0 49 78
0 50 83
0 51 85
0 52 1
0 53 35
0 54 51
0 55 59
0 56 49
0 57 79
0 58 3
0 59 36
0 60 35
0 61 51
0 62 67
0 63 66
0 64 38
0 65 26
0 66 78
0 67 35
0 68 54
0 69 66
0 70 99
0 71 67
0 72 11
0 73 8
0 74 25
1 2 60
1 3 14
1 4 50
1 5 25
1 6 93
1 7 43
1 8 29
1 9 17
1 10 47
1 11 15
1 12 96
1 13 67
1 14 47
1 15 71
1 16 29
1 17 30
1 18 56
1 19 62
1 20 30
1 21 29
1 22 46
1 23 69
1 24 58
1 25 44
1 26 52
1 27 61
1 28 76
1 29 0
1 30 58
1 31 36
1 32 26
1 33 39
1 34 57
1 35 96
1 36 49
1 37 62
1 38 72
1 39 76
1 40 19
1 41 53
1 42 87
1 43 75
1 44 91
1 45 94
1 46 62
1 47 33
1 48 40
1 49 63
1 50 7
1 51 56
1 52 88
1 53 24
1 54 81
1 55 78
1 56 39
1 57 60
1 58 54
1 59 59
1 60 52
1 61 37
1 62 79
1 63 61
1 64 61
1 65 62
1 66 31
1 67 92
1 68 81
1 69 0
1 70 66
1 71 51
1 72 50
1 73 60
1 74 49
2 3 60
2 4 4
2 5 41
2 6 55
2 7 46
2 8 45
2 9 31
2 10 98
2 11 12
2 12 29
2 13 88
2 14 96
2 15 22
2 16 59
2 17 86
2 18 52
2 19 49
2 20 5
2 21 19
2 22 79
2 23 44
2 24 47
2 25 1
2 26 76
2 27 75
2 28 60
2 29 48
2 30 71
2 31 54
2 32 98
2 33 53
2 34 3
2 35 26
2 36 67
2 37 70
2 38 45
2 39 67
2 40 91
2 41 4
2 42 55
2 43 7
2 44 41
2 45 6
2 46 38
2 47 42
2 48 57
2 49 76
2 50 81
2 51 6
2 52 30
2 53 32
2 54 13
2 55 96
2 56 18
2 57 29
2 58 73
2 59 63
2 60 23
2 61 3
2 62 85
2 63 21
2 64 81
2 65 85
2 66 53
2 67 28
2 68 29
2 69 92
2 70 33
2 71 72
2 72 30
2 73 81
2 74 0
3 4 32
3 5 18
3 6 85
3 7 94
3 8 19
3 9 22
3 10 19
3 11 68
3 12 70
3 13 61
3 14 98
3 15 23
3 16 57
3 17 56
3 18 72
3 19 5
3 20 67
3 21 86
3 22 92
3 23 92
3 24 18
3 25 78
3 26 20
3 27 92
3 28 73
3 29 58
3 30 86
3 31 8
3 32 40
3 33 38
3 34 81
3 35 65
3 36 60
3 37 71
3 38 45
3 39 77
3 40 38
3 41 48
3 42 34
3 43 73
3 44 73
3 45 32
3 46 32
3 47 3
3 48 14
3 49 88
3 50 27
3 51 75
3 52 57
3 53 37
3 54 79
3 55 48
3 56 63
3 57 27
3 58 19
3 59 85
3 60 40
3 61 52
3 62 51
3 63 54
3 64 38
3 65 14
3 66 42
3 67 9
3 68 71
3 69 79
3 70 99
3 71 52
3 72 39
3 73 20
3 74 92
4 5 49
4 6 11
4 7 56
4 8 8
4 9 24
4 10 4
4 11 35
4 12 4
4 13 17
4 14 33
4 15 59
4 16 42
4 17 54
4 18 81
4 19 10
4 20 48
4 21 2
4 22 76
4 23 92
4 24 47
4 25 17
4 26 18
4 27 28
4 28 52
4 29 18
4 30 0
4 31 87
4 32 85
4 33 20
4 34 7
4 35 23
4 36 28
4 37 99
4 38 98
4 39 49
4 40 96
4 41 54
4 42 85
4 43 38
4 44 3
4 45 29
4 46 72
4 47 12
4 48 22
4 49 11
4 50 27
4 51 98
4 52 90
4 53 42
4 54 51
4 55 46
4 56 60
4 57 64
4 58 37
4 59 9
4 60 96
4 61 65
4 62 58
4 63 31
4 64 94
4 65 25
4 66 60
4 67 76
4 68 73
4 69 59
4 70 24
4 71 63
4 72 68
4 73 30
4 74 36
5 6 34
5 7 1
5 8 97
5 9 46
5 10 57
5 11 13
5 12 62
5 13 4
5 14 58
5 15 35
5 16 55
5 17 88
5 18 7
5 19 54
5 20 26
5 21 27
5 22 72
5 23 71
5 24 9
5 25 66
5 26 58
5 27 57
5 28 16
5 29 56
5 30 54
5 31 67
5 32 68
5 33 37
5 34 3
5 35 3
5 36 70
5 37 96
5 38 73
5 39 60
5 40 37
5 41 84
5 42 96
5 43 63
5 44 9
5 45 41
5 46 32
5 47 54
5 48 79
5 49 34
5 50 15
5 51 20
5 52 91
5 53 16
5 54 37
5 55 94
5 56 7
5 57 16
5 58 34
5 59 88
5 60 53
5 61 17
5 62 71
5 63 50
5 64 80
5 65 74
5 66 18
5 67 7
5 68 37
5 69 68
5 70 20
5 71 62
5 72 16
5 73 34
5 74 31
6 7 40
6 8 22
6 9 92
6 10 80
6 11 36
6 12 79
6 13 96
6 14 74
6 15 70
6 16 96
6 17 72
6 18 62
6 19 6
6 20 8
6 21 29
6 22 81
6 23 98
6 24 61
6 25 34
6 26 89
6 27 71
6 28 10
6 29 77
6 30 31
6 31 93
6 32 20
6 33 68
6 34 99
6 35 37
6 36 45
6 37 29
6 38 28
6 39 16
6 40 9
6 41 53
6 42 66
6 43 92
6 44 51
6 45 5
6 46 48
6 47 77
6 48 62
6 49 59
6 50 95
6 51 79
6 52 27
6 53 78
6 54 20
6 55 47
6 56 40
6 57 47
6 58 84
6 59 13
6 60 5
6 61 89
6 62 96
6 63 22
6 64 64
6 65 37
6 66 17
6 67 88
6 68 29
6 69 41
6 70 84
6 71 28
6 72 60
6 73 65
6 74 40
7 8 72
7 9 76
7 10 1
7 11 22
7 12 73
7 13 33
7 14 49
7 15 42
7 16 7
7 17 12
7 18 41
7 19 54
7 20 40
7 21 49
7 22 18
7 23 92
7 24 24
7 25 3
7 26 28
7 27 87
7 28 92
7 29 59
7 30 13
7 31 69
7 32 60
7 33 48
7 34 2
7 35 66
7 36 59
7 37 83
7 38 74
7 39 5
7 40 55
7 41 46
7 42 83
7 43 13
7 44 22
7 45 74
7 46 19
7 47 20
7 48 19
7 49 71
7 50 11
7 51 38
7 52 70
7 53 11
7 54 54
7 55 90
7 56 81
7 57 41
7 58 18
7 59 16
7 60 50
7 61 36
7 62 67
7 63 10
7 64 82
7 65 60
7 66 87
7 67 47
7 68 30
7 69 44
7 70 23
7 71 95
7 72 62
7 73 71
7 74 26
8 9 7
8 10 69
8 11 20
8 12 91
8 13 24
8 14 65
8 15 32
8 16 91
8 17 75
8 18 38
8 19 38
8 20 95
8 21 6
8 22 16
8 23 2
8 24 87
8 25 86
8 26 56
8 27 66
8 28 7
8 29 64
8 30 59
8 31 99
8 32 34
8 33 68
8 34 20
8 35 93
8 36 76
8 37 61
8 38 72
8 39 46
8 40 20
8 41 65
8 42 97
8 43 7
8 44 82
8 45 80
8 46 85
8 47 8
8 48 59
8 49 26
8 50 24
8 51 50
8 52 35
8 53 29
8 54 64
8 55 30
8 56 17
8 57 97
8 58 20
8 59 6
8 60 32
8 61 63
8 62 82
8 63 87
8 64 40
8 65 30
8 66 56
8 67 89
8 68 55
8 69 46
8 70 79
8 71 7
8 72 22
8 73 50
8 74 99
9 10 60
9 11 38
9 12 55
9 13 51
9 14 57
9 15 46
9 16 58
9 17 38
9 18 57
9 19 5
9 20 54
9 21 5
9 22 68
9 23 61
9 24 33
9 25 46
9 26 73
9 27 69
9 28 7
9 29 92
9 30 1
9 31 99
9 32 99
9 33 65
9 34 34
9 35 49
9 36 15
9 37 11
9 38 70
9 39 36
9 40 31
9 41 31
9 42 52
9 43 94
9 44 74
9 45 96
9 46 6
9 47 56
9 48 16
9 49 80
9 50 90
9 51 83
9 52 48
9 53 18
9 54 40
9 55 30
9 56 24
9 57 63
9 58 81
9 59 24
9 60 85
9 61 46
9 62 71
9 63 15
9 64 36
9 65 84
9 66 79
9 67 66
9 68 43
9 69 18
9 70 68
9 71 97
9 72 97
9 73 64
9 74 13
10 11 47
10 12 52
10 13 96
10 14 61
10 15 45
10 16 81
10 17 17
10 18 47
10 19 37
10 20 78
10 21 79
10 22 83
10 23 63
10 24 35
10 25 82
10 26 44
10 27 65
10 28 71
10 29 84
10 30 18
10 31 81
10 32 54
10 33 43
10 34 95
10 35 52
10 36 49
10 37 4
10 38 26
10 39 81
10 40 96
10 41 14
10 42 74
10 43 64
10 44 67
10 45 29
10 46 83
10 47 57
10 48 18
10 49 97
10 50 83
10 51 95
10 52 56
10 53 3
10 54 60
10 55 97
10 56 99
10 57 4
10 58 65
10 59 88
10 60 66
10 61 57
10 62 23
10 63 39
10 64 45
10 65 0
10 66 22
10 67 83
10 68 15
10 69 61
10 70 36
10 71 13
10 72 19
10 73 77
10 74 46
11 12 34
11 13 85
11 14 55
11 15 94
11 16 7
11 17 15
11 18 86
11 19 87
11 20 26
11 21 94
11 22 58
11 23 60
11 24 4
11 25 24
11 26 24
11 27 78
11 28 35
11 29 46
11 30 20
11 31 40
11 32 49
11 33 20
11 34 65
11 35 33
11 36 60
11 37 73
11 38 41
11 39 35
11 40 95
11 41 92
11 42 44
11 43 81
11 44 77
11 45 43
11 46 52
11 47 97
11 48 25
11 49 63
11 50 32
11 51 66
11 52 9
11 53 44
11 54 62
11 55 94
11 56 29
11 57 52
11 58 5
11 59 87
11 60 23
11 61 61
11 62 73
11 63 13
11 64 44
11 65 14
11 66 35
11 67 31
11 68 84
11 69 62
11 70 80
11 71 7
11 72 47
11 73 22
11 74 74
12 13 38
12 14 97
12 15 77
12 16 20
12 17 12
12 18 18
12 19 30
12 20 98
12 21 20
12 22 46
12 23 40
12 24 84
12 25 17
12 26 87
12 27 12
12 28 86
12 29 77
12 30 55
12 31 96
12 32 75
12 33 15
12 34 32
12 35 86
12 36 19
12 37 24
12 38 44
12 39 71
12 40 16
12 41 88
12 42 58
12 43 49
12 44 76
12 45 97
12 46 46
12 47 55
12 48 70
12 49 42
12 50 46
12 51 73
12 52 1
12 53 79
12 54 81
12 55 94
12 56 91
12 57 72
12 58 45
12 59 49
12 60 7
12 61 25
12 62 14
12 63 23
12 64 54
12 65 56
12 66 92
12 67 53
12 68 35
12 69 76
12 70 19
12 71 89
12 72 58
12 73 72
12 74 69
13 14 25
13 15 73
13 16 17
13 17 6
13 18 85
13 19 22
13 20 73
13 21 40
13 22 98
13 23 33
13 24 10
13 25 48
13 26 59
13 27 19
13 28 22
13 29 27
13 30 75
13 31 17
13 32 11
13 33 20
13 34 2
13 35 8
13 36 3
13 37 65
13 38 71
13 39 6
13 40 19
13 41 56
13 42 80
13 43 62
13 44 42
13 45 5
13 46 66
13 47 47
13 48 5
13 49 48
13 50 22
13 51 17
13 52 83
13 53 13
13 54 79
13 55 98
13 56 47
13 57 48
13 58 28
13 59 0
13 60 71
13 61 77
13 62 19
13 63 1
13 64 72
13 65 80
13 66 55
13 67 76
13 68 16
13 69 87
13 70 76
13 71 3
13 72 60
13 73 62
13 74 98
14 15 80
14 16 29
14 17 71
14 18 95
14 19 29
14 20 29
14 21 16
14 22 14
14 23 17
14 24 5
14 25 12
14 26 33
14 27 39
14 28 90
14 29 69
14 30 22
14 31 14
14 32 17
14 33 65
14 34 33
14 35 93
14 36 79
14 37 1
14 38 19
14 39 60
14 40 7
14 41 97
14 42 34
14 43 10
14 44 34
14 45 30
14 46 42
14 47 60
14 48 93
14 49 18
14 50 53
14 51 49
14 52 39
14 53 63
14 54 65
14 55 35
14 56 32
14 57 48
14 58 83
14 59 23
14 60 7
14 61 14
14 62 38
14 63 17
14 64 24
14 65 41
14 66 70
14 67 28
14 68 91
14 69 91
14 70 79
14 71 87
14 72 23
14 73 17
14 74 25
15 16 42
15 17 84
15 18 28
15 19 28
15 20 19
15 21 26
15 22 90
15 23 44
15 24 71
15 25 4
15 26 3
15 27 82
15 28 46
15 29 11
15 30 71
15 31 61
15 32 17
15 33 91
15 34 5
15 35 13
15 36 5
15 37 2
15 38 75
15 39 3
15 40 54
15 41 71
15 42 37
15 43 10
15 44 86
15 45 10
15 46 60
15 47 13
15 48 97
15 49 17
15 50 73
15 51 58
15 52 78
15 53 47
15 54 2
15 55 27
15 56 96
15 57 26
15 58 68
15 59 14
15 60 74
15 61 10
15 62 99
15 63 59
15 64 11
15 65 90
15 66 46
15 67 92
15 68 11
15 69 16
15 70 3
15 71 26
15 72 92
15 73 89
15 74 60
16 17 67
16 18 23
16 19 30
16 20 28
16 21 60
16 22 23
16 23 53
16 24 53
16 25 16
16 26 49
16 27 6
16 28 40
16 29 60
16 30 4
16 31 96
16 32 5
16 33 78
16 34 22
16 35 23
16 36 99
16 37 47
16 38 14
16 39 28
16 40 12
16 41 99
16 42 40
16 43 59
16 44 13
16 45 68
16 46 65
16 47 80
16 48 44
16 49 23
16 50 15
16 51 61
16 52 13
16 53 3
16 54 58
16 55 65
16 56 61
16 57 43
16 58 30
16 59 66
16 60 4
16 61 21
16 62 73
16 63 97
16 64 46
16 65 10
16 66 47
16 67 70
16 68 52
16 69 34
16 70 25
16 71 53
16 72 98
16 73 28
16 74 50
17 18 30
17 19 51
17 20 60
17 21 60
17 22 44
17 23 36
17 24 43
17 25 95
17 26 7
17 27 9
17 28 60
17 29 99
17 30 43
17 31 24
17 32 64
17 33 73
17 34 41
17 35 36
17 36 50
17 37 89
17 38 41
17 39 84
17 40 47
17 41 16
17 42 47
17 43 88
17 44 72
17 45 75
17 46 67
17 47 38
17 48 91
17 49 48
17 50 95
17 51 66
17 52 20
17 53 77
17 54 91
17 55 30
17 56 49
17 57 2
17 58 44
17 59 29
17 60 21
17 61 70
17 62 28
17 63 60
17 64 58
17 65 74
17 66 64
17 67 52
17 68 70
17 69 89
17 70 87
17 71 28
17 72 61
17 73 96
17 74 40
18 19 74
18 20 84
18 21 64
18 22 8
18 23 50
18 24 62
18 25 71
18 26 87
18 27 94
18 28 29
18 29 81
18 30 88
18 31 65
18 32 82
18 33 76
18 34 22
18 35 19
18 36 52
18 37 25
18 38 44
18 39 89
18 40 96
18 41 26
18 42 82
18 43 96
18 44 98
18 45 23
18 46 61
18 47 70
18 48 58
18 49 45
18 50 67
18 51 9
18 52 28
18 53 15
18 54 87
18 55 28
18 56 67
18 57 47
18 58 49
18 59 53
18 60 19
18 61 74
18 62 89
18 63 47
18 64 28
18 65 64
18 66 12
18 67 93
18 68 55
18 69 47
18 70 42
18 71 52
18 72 97
18 73 28
18 74 19
19 20 98
19 21 18
19 22 29
19 23 3
19 24 67
19 25 81
19 26 30
19 27 58
19 28 37
19 29 17
19 30 60
19 31 52
19 32 26
19 33 69
19 34 25
19 35 91
19 36 64
19 37 23
19 38 31
19 39 72
19 40 34
19 41 35
19 42 36
19 43 20
19 44 65
19 45 47
19 46 22
19 47 29
19 48 58
19 49 10
19 50 43
19 51 58
19 52 92
19 53 5
19 54 83
19 55 16
19 56 88
19 57 92
19 58 43
19 59 41
19 60 49
19 61 30
19 62 67
19 63 26
19 64 56
19 65 0
19 66 90
19 67 10
19 68 77
19 69 94
19 70 49
19 71 39
19 72 96
19 73 57
19 74 27
20 21 24
20 22 18
20 23 11
20 24 18
20 25 90
20 26 72
20 27 9
20 28 99
20 29 17
20 30 40
20 31 53
20 32 56
20 33 14
20 34 18
20 35 22
20 36 0
20 37 55
20 38 32
20 39 68
20 40 23
20 41 13
20 42 71
20 43 56
20 44 95
20 45 99
20 46 97
20 47 83
20 48 17
20 49 67
20 50 73
20 51 35
20 52 79
20 53 46
20 54 38
20 55 3
20 56 4
20 57 75
20 58 96
20 59 12
20 60 61
20 61 64
20 62 71
20 63 62
20 64 63
20 65 89
20 66 52
20 67 63
20 68 8
20 69 66
20 70 20
20 71 45
20 72 57
20 73 17
20 74 13
21 22 93
21 23 66
21 24 79
21 25 46
21 26 35
21 27 4
21 28 81
21 29 42
21 30 32
21 31 16
21 32 75
21 33 13
21 34 7
21 35 6
21 36 56
21 37 11
21 38 8
21 39 41
21 40 26
21 41 26
21 42 25
21 43 26
21 44 92
21 45 16
21 46 19
21 47 62
21 48 25
21 49 17
21 50 29
21 51 15
21 52 55
21 53 29
21 54 67
21 55 7
21 56 11
21 57 31
21 58 83
21 59 14
21 60 29
21 61 64
21 62 69
21 63 90
21 64 72
21 65 83
21 66 79
21 67 45
21 68 23
21 69 5
21 70 74
21 71 76
21 72 74
21 73 41
21 74 21
22 23 73
22 24 97
22 25 47
22 26 57
22 27 62
22 28 57
22 29 34
22 30 42
22 31 81
22 32 36
22 33 36
22 34 77
22 35 5
22 36 60
22 37 36
22 38 87
22 39 89
22 40 81
22 41 61
22 42 57
22 43 61
22 44 93
22 45 28
22 46 72
22 47 82
22 48 84
22 49 69
22 50 39
22 51 82
22 52 99
22 53 61
22 54 7
22 55 40
22 56 36
22 57 53
22 58 22
22 59 1
22 60 62
22 61 55
22 62 90
22 63 79
22 64 21
22 65 51
22 66 5
22 67 30
22 68 98
22 69 26
22 70 88
22 71 94
22 72 14
22 73 66
22 74 17
23 24 54
23 25 83
23 26 14
23 27 72
23 28 21
23 29 84
23 30 31
23 31 86
23 32 17
23 33 23
23 34 3
23 35 35
23 36 32
23 37 68
23 38 16
23 39 21
23 40 11
23 41 32
23 42 44
23 43 78
23 44 11
23 45 43
23 46 49
23 47 7
23 48 1
23 49 89
23 50 2
23 51 91
23 52 64
23 53 21
23 54 13
23 55 49
23 56 48
23 57 62
23 58 85
23 59 39
23 60 59
23 61 89
23 62 64
23 63 34
23 64 96
23 65 17
23 66 71
23 67 38
23 68 37
23 69 18
23 70 88
23 71 25
23 72 43
23 73 38
23 74 78
24 25 66
24 26 93
24 27 90
24 28 6
24 29 13
24 30 31
24 31 54
24 32 55
24 33 42
24 34 81
24 35 66
24 36 43
24 37 78
24 38 62
24 39 29
24 40 9
24 41 18
24 42 10
24 43 18
24 44 23
24 45 7
24 46 4
24 47 39
24 48 5
24 49 58
24 50 79
24 51 71
24 52 84
24 53 69
24 54 55
24 55 58
24 56 72
24 57 30
24 58 33
24 59 82
24 60 4
24 61 8
24 62 89
24 63 59
24 64 98
24 65 9
24 66 57
24 67 71
24 68 85
24 69 37
24 70 20
24 71 76
24 72 29
24 73 77
24 74 33
25 26 28
25 27 14
25 28 94
25 29 42
25 30 51
25 31 44
25 32 4
25 33 45
25 34 55
25 35 18
25 36 63
25 37 30
25 38 84
25 39 48
25 40 10
25 41 59
25 42 83
25 43 64
25 44 82
25 45 30
25 46 23
25 47 17
25 48 31
25 49 6
25 50 39
25 51 58
25 52 55
25 53 39
25 54 95
25 55 33
25 56 69
25 57 77
25 58 1
25 59 72
25 60 93
25 61 84
25 62 70
25 63 51
25 64 12
25 65 56
25 66 2
25 67 64
25 68 46
25 69 86
25 70 52
25 71 65
25 72 84
25 73 25
25 74 74
26 27 30
26 28 5
26 29 99
26 30 83
26 31 73
26 32 31
26 33 18
26 34 83
26 35 65
26 36 83
26 37 88
26 38 8
26 39 49
26 40 86
26 41 90
26 42 11
26 43 94
26 44 41
26 45 63
26 46 81
26 47 7
26 48 92
26 49 49
26 50 9
26 51 41
26 52 71
26 53 17
26 54 4
26 55 6
26 56 18
26 57 56
26 58 8
26 59 36
26 60 41
26 61 7
26 62 60
26 63 41
26 64 38
26 65 15
26 66 36
26 67 60
26 68 98
26 69 9
26 70 57
26 71 45
26 72 45
26 73 60
26 74 26
27 28 41
27 29 62
27 30 25
27 31 99
27 32 3
27 33 89
27 34 88
27 35 57
27 36 13
27 37 58
27 38 75
27 39 44
27 40 66
27 41 2
27 42 44
27 43 20
27 44 12
27 45 54
27 46 62
27 47 58
27 48 19
27 49 74
27 50 98
27 51 17
27 52 28
27 53 99
27 54 20
27 55 14
27 56 62
27 57 15
27 58 25
27 59 15
27 60 3
27 61 85
27 62 6
27 63 49
27 64 53
27 65 50
27 66 9
27 67 14
27 68 32
27 69 35
27 70 93
27 71 61
27 72 79
27 73 88
27 74 9
28 29 41
28 30 80
28 31 16
28 32 58
28 33 26
28 34 34
28 35 80
28 36 90
28 37 5
28 38 20
28 39 25
28 40 97
28 41 99
28 42 34
28 43 8
28 44 75
28 45 59
28 46 94
28 47 78
28 48 23
28 49 65
28 50 52
28 51 55
28 52 26
28 53 61
28 54 79
28 55 51
28 56 47
28 57 95
28 58 39
28 59 50
28 60 52
28 61 96
28 62 10
28 63 93
28 64 94
28 65 40
28 66 76
28 67 23
28 68 58
28 69 61
28 70 70
28 71 79
28 72 73
28 73 16
28 74 74
29 30 16
29 31 10
29 32 50
29 33 46
29 34 4
29 35 74
29 36 68
29 37 72
29 38 73
29 39 91
29 40 69
29 41 34
29 42 83
29 43 80
29 44 32
29 45 80
29 46 3
29 47 21
29 48 42
29 49 6
29 50 24
29 51 81
29 52 86
29 53 33
29 54 37
29 55 10
29 56 42
29 57 17
29 58 4
29 59 97
29 60 75
29 61 10
29 62 33
29 63 17
29 64 24
29 65 4
29 66 50
29 67 87
29 68 15
29 69 83
29 70 42
29 71 25
29 72 82
29 73 71
29 74 38
30 31 56
30 32 3
30 33 21
30 34 76
30 35 78
30 36 43
30 37 60
30 38 98
30 39 89
30 40 24
30 41 69
30 42 86
30 43 19
30 44 90
30 45 65
30 46 64
30 47 36
30 48 78
30 49 22
30 50 88
30 51 1
30 52 40
30 53 97
30 54 54
30 55 73
30 56 42
30 57 35
30 58 66
30 59 5
30 60 74
30 61 50
30 62 83
30 63 8
30 64 55
30 65 75
30 66 96
30 67 66
30 68 18
30 69 1
30 70 78
30 71 49
30 72 89
30 73 49
30 74 20
31 32 95
31 33 85
31 34 38
31 35 56
31 36 5
31 37 49
31 38 55
31 39 61
31 40 83
31 41 38
31 42 48
31 43 22
31 44 51
31 45 10
31 46 64
31 47 96
31 48 94
31 49 70
31 50 86
31 51 1
31 52 59
31 53 90
31 54 92
31 55 35
31 56 42
31 57 10
31 58 82
31 59 9
31 60 85
31 61 90
31 62 72
31 63 19
31 64 70
31 65 47
31 66 33
31 67 77
31 68 88
31 69 35
31 70 0
31 71 14
31 72 79
31 73 89
31 74 67
32 33 59
32 34 81
32 35 76
32 36 10
32 37 48
32 38 88
32 39 36
32 40 39
32 41 98
32 42 60
32 43 46
32 44 74
32 45 80
32 46 18
32 47 93
32 48 31
32 49 89
32 50 35
32 51 3
32 52 87
32 53 56
32 54 81
32 55 54
32 56 18
32 57 42
32 58 99
32 59 44
32 60 6
32 61 37
32 62 64
32 63 22
32 64 84
32 65 26
32 66 20
32 67 81
32 68 52
32 69 9
32 70 54
32 71 27
32 72 69
32 73 5
32 74 6
33 34 1
33 35 40
33 36 37
33 37 99
33 38 16
33 39 96
33 40 41
33 41 23
33 42 42
33 43 36
33 44 14
33 45 43
33 46 4
33 47 56
33 48 75
33 49 14
33 50 68
33 51 15
33 52 53
33 53 37
33 54 66
33 55 7
33 56 18
33 57 12
33 58 47
33 59 96
33 60 52
33 61 3
33 62 54
33 63 37
33 64 57
33 65 63
33 66 48
33 67 3
33 68 72
33 69 12
33 70 93
33 71 87
33 72 81
33 73 53
33 74 59
34 35 89
34 36 96
34 37 68
34 38 88
34 39 69
34 40 82
34 41 48
34 42 98
34 43 59
34 44 65
34 45 21
34 46 11
34 47 42
34 48 97
34 49 21
34 50 36
34 51 4
34 52 91
34 53 30
34 54 80
34 55 6
34 56 35
34 57 10
34 58 5
34 59 80
34 60 18
34 61 66
34 62 31
34 63 30
34 64 99
34 65 40
34 66 87
34 67 40
34 68 90
34 69 97
34 70 6
34 71 53
34 72 8
34 73 15
34 74 16
35 36 30
35 37 59
35 38 39
35 39 49
35 40 89
35 41 42
35 42 2
35 43 3
35 44 6
35 45 95
35 46 78
35 47 62
35 48 23
35 49 97
35 50 16
35 51 86
35 52 96
35 53 93
35 54 96
35 55 35
35 56 22
35 57 1
35 58 41
35 59 94
35 60 90
35 61 92
35 62 86
35 63 28
35 64 80
35 65 20
35 66 1
35 67 70
35 68 5
35 69 71
35 70 22
35 71 38
35 72 0
35 73 80
35 74 24
36 37 33
36 38 91
36 39 80
36 40 46
36 41 15
36 42 33
36 43 33
36 44 55
36 45 35
36 46 13
36 47 22
36 48 41
36 49 52
36 50 89
36 51 91
36 52 88
36 53 17
36 54 51
36 55 85
36 56 1
36 57 17
36 58 71
36 59 19
36 60 32
36 61 0
36 62 64
36 63 96
36 64 5
36 65 23
36 66 99
36 67 94
36 68 1
36 69 95
36 70 40
36 71 78
36 72 19
36 73 77
36 74 89
37 38 85
37 39 41
37 40 93
37 41 89
37 42 77
37 43 32
37 44 65
37 45 10
37 46 3
37 47 42
37 48 8
37 49 21
37 50 98
37 51 92
37 52 58
37 53 19
37 54 48
37 55 77
37 56 84
37 57 18
37 58 62
37 59 90
37 60 43
37 61 59
37 62 74
37 63 41
37 64 86
37 65 45
37 66 96
37 67 8
37 68 96
37 69 12
37 70 83
37 71 76
37 72 88
37 73 8
37 74 10
38 39 67
38 40 43
38 41 77
38 42 10
38 43 75
38 44 32
38 45 47
38 46 9
38 47 8
38 48 95
38 49 22
38 50 43
38 51 4
38 52 78
38 53 90
38 54 86
38 55 72
38 56 11
38 57 97
38 58 22
38 59 95
38 60 85
38 61 14
38 62 71
38 63 24
38 64 52
38 65 66
38 66 7
38 67 92
38 68 24
38 69 36
38 70 97
38 71 34
38 72 72
38 73 56
38 74 78
39 40 53
39 41 68
39 42 41
39 43 94
39 44 55
39 45 57
39 46 86
39 47 68
39 48 11
39 49 44
39 50 46
39 51 70
39 52 97
39 53 61
39 54 61
39 55 58
39 56 92
39 57 81
39 58 21
39 59 47
39 60 27
39 61 3
39 62 75
39 63 9
39 64 61
39 65 14
39 66 91
39 67 62
39 68 45
39 69 80
39 70 63
39 71 25
39 72 17
39 73 93
39 74 12
40 41 85
40 42 38
40 43 80
40 44 88
40 45 68
40 46 11
40 47 20
40 48 79
40 49 76
40 50 27
40 51 65
40 52 78
40 53 63
40 54 73
40 55 93
40 56 27
40 57 99
40 58 64
40 59 86
40 60 24
40 61 67
40 62 71
40 63 98
40 64 36
40 65 80
40 66 59
40 67 11
40 68 63
40 69 41
40 70 66
40 71 33
40 72 98
40 73 7
40 74 55
41 42 34
41 43 90
41 44 50
41 45 92
41 46 85
41 47 57
41 48 95
41 49 41
41 50 63
41 51 49
41 52 24
41 53 34
41 54 14
41 55 48
41 56 76
41 57 19
41 58 47
41 59 10
41 60 42
41 61 11
41 62 42
41 63 13
41 64 21
41 65 56
41 66 70
41 67 47
41 68 10
41 69 61
41 70 99
41 71 52
41 72 43
41 73 78
41 74 0
42 43 83
42 44 89
42 45 69
42 46 34
42 47 10
42 48 48
42 49 69
42 50 64
42 51 19
42 52 22
42 53 89
42 54 76
42 55 1
42 56 80
42 57 69
42 58 19
42 59 79
42 60 3
42 61 21
42 62 0
42 63 33
42 64 33
42 65 59
42 66 64
42 67 78
42 68 33
42 69 76
42 70 71
42 71 17
42 72 67
42 73 27
42 74 77
43 44 24
43 45 27
43 46 9
43 47 68
43 48 16
43 49 83
43 50 47
43 51 12
43 52 7
43 53 65
43 54 58
43 55 15
43 56 12
43 57 7
43 58 43
43 59 69
43 60 98
43 61 92
43 62 41
43 63 13
43 64 21
43 65 25
43 66 67
43 67 87
43 68 12
43 69 3
43 70 51
43 71 29
43 72 87
43 73 39
43 74 84
44 45 23
44 46 3
44 47 99
44 48 70
44 49 50
44 50 69
44 51 49
44 52 59
44 53 34
44 54 40
44 55 32
44 56 29
44 57 30
44 58 10
44 59 18
44 60 59
44 61 72
44 62 62
44 63 61
44 64 95
44 65 64
44 66 64
44 67 17
44 68 28
44 69 45
44 70 53
44 71 18
44 72 12
44 73 44
44 74 71
45 46 12
45 47 24
45 48 85
45 49 69
45 50 97
45 51 37
45 52 59
45 53 96
45 54 41
45 55 47
45 56 51
45 57 9
45 58 12
45 59 41
45 60 51
45 61 78
45 62 59
45 63 81
45 64 91
45 65 91
45 66 54
45 67 64
45 68 84
45 69 6
45 70 92
45 71 9
45 72 82
45 73 66
45 74 72
46 47 19
46 48 43
46 49 37
46 50 19
46 51 33
46 52 23
46 53 60
46 54 89
46 55 95
46 56 33
46 57 75
46 58 47
46 59 38
46 60 68
46 61 34
46 62 39
46 63 44
46 64 24
46 65 41
46 66 62
46 67 14
46 68 34
46 69 19
46 70 9
46 71 95
46 72 47
46 73 54
46 74 16
47 48 63
47 49 30
47 50 19
47 51 7
47 52 5
47 53 76
47 54 79
47 55 26
47 56 8
47 57 13
47 58 59
47 59 53
47 60 26
47 61 10
47 62 69
47 63 73
47 64 52
47 65 78
47 66 97
47 67 29
47 68 81
47 69 44
47 70 51
47 71 78
47 72 46
47 73 75
47 74 91
48 49 90
48 50 86
48 51 84
48 52 41
48 53 17
48 54 15
48 55 8
48 56 85
48 57 64
48 58 76
48 59 78
48 60 27
48 61 91
48 62 28
48 63 21
48 64 52
48 65 0
48 66 56
48 67 68
48 68 62
48 69 79
48 70 62
48 71 4
48 72 31
48 73 59
48 74 88
49 50 59
49 51 13
49 52 52
49 53 34
49 54 0
49 55 80
49 56 23
49 57 33
49 58 67
49 59 80
49 60 39
49 61 27
49 62 18
49 63 50
49 64 31
49 65 29
49 66 55
49 67 29
49 68 79
49 69 38
49 70 63
49 71 97
49 72 92
49 73 27
49 74 7
50 51 63
50 52 5
50 53 90
50 54 91
50 55 27
50 56 5
50 57 63
50 58 10
50 59 50
50 60 96
50 61 39
50 62 12
50 63 44
50 64 77
50 65 20
50 66 38
50 67 56
50 68 92
50 69 46
50 70 11
50 71 68
50 72 47
50 73 52
50 74 41
51 52 34
51 53 72
51 54 20
51 55 96
51 56 74
51 57 51
51 58 78
51 59 60
51 60 58
51 61 26
51 62 59
51 63 33
51 64 88
51 65 81
51 66 68
51 67 78
51 68 85
51 69 9
51 70 41
51 71 99
51 72 70
51 73 14
51 74 2
52 53 64
52 54 15
52 55 37
52 56 64
52 57 0
52 58 27
52 59 88
52 60 45
52 61 78
52 62 47
52 63 62
52 64 69
52 65 39
52 66 55
52 67 99
52 68 59
52 69 27
52 70 1
52 71 50
52 72 86
52 73 24
52 74 24
53 54 90
53 55 10
53 56 45
53 57 70
53 58 99
53 59 59
53 60 98
53 61 3
53 62 98
53 63 29
53 64 96
53 65 69
53 66 57
53 67 68
53 68 35
53 69 28
53 70 57
53 71 82
53 72 20
53 73 81
53 74 89
54 55 96
54 56 41
54 57 85
54 58 40
54 59 99
54 60 37
54 61 33
54 62 89
54 63 23
54 64 81
54 65 28
54 66 85
54 67 32
54 68 56
54 69 0
54 70 97
54 71 93
54 72 59
54 73 16
54 74 40
55 56 19
55 57 20
55 58 52
55 59 72
55 60 9
55 61 32
55 62 83
55 63 68
55 64 73
55 65 29
55 66 42
55 67 44
55 68 73
55 69 99
55 70 39
55 71 76
55 72 42
55 73 97
55 74 44
56 57 14
56 58 2
56 59 13
56 60 41
56 61 20
56 62 63
56 63 76
56 64 97
56 65 48
56 66 79
56 67 68
56 68 35
56 69 65
56 70 79
56 71 74
56 72 96
56 73 5
56 74 86
57 58 88
57 59 82
57 60 65
57 61 24
57 62 71
57 63 53
57 64 41
57 65 72
57 66 73
57 67 48
57 68 35
57 69 90
57 70 31
57 71 6
57 72 78
57 73 62
57 74 72
58 59 90
58 60 54
58 61 12
58 62 37
58 63 35
58 64 45
58 65 92
58 66 28
58 67 26
58 68 42
58 69 60
58 70 61
58 71 90
58 72 28
58 73 49
58 74 76
59 60 89
59 61 79
59 62 44
59 63 46
59 64 32
59 65 35
59 66 83
59 67 76
59 68 15
59 69 32
59 70 33
59 71 12
59 72 40
59 73 10
59 74 53
60 61 97
60 62 30
60 63 94
60 64 3
60 65 56
60 66 13
60 67 93
60 68 80
60 69 0
60 70 37
60 71 15
60 72 65
60 73 99
60 74 85
61 62 40
61 63 90
61 64 52
61 65 78
61 66 44
61 67 48
61 68 19
61 69 46
61 70 58
61 71 17
61 72 42
61 73 77
61 74 77
62 63 26
62 64 39
62 65 91
62 66 99
62 67 29
62 68 29
62 69 85
62 70 3
62 71 79
62 72 5
62 73 60
62 74 61
63 64 12
63 65 15
63 66 76
63 67 43
63 68 26
63 69 75
63 70 77
63 71 25
63 72 98
63 73 37
63 74 82
64 65 50
64 66 64
64 67 78
64 68 13
64 69 99
64 70 31
64 71 7
64 72 31
64 73 63
64 74 39
65 66 58
65 67 32
65 68 16
65 69 95
65 70 62
65 71 80
65 72 91
65 73 21
65 74 99
66 67 44
66 68 10
66 69 40
66 70 85
66 71 72
66 72 97
66 73 44
66 74 26
67 68 64
67 69 72
67 70 46
67 71 84
67 72 49
67 73 6
67 74 8
68 69 36
68 70 56
68 71 64
68 72 48
68 73 24
68 74 65
69 70 47
69 71 54
69 72 94
69 73 12
69 74 63
70 71 2
70 72 10
70 73 12
70 74 91
71 72 97
71 73 31
71 74 47
72 73 16
72 74 48
73 74 36
