0 1 41
0 2 6
0 3 58
0 4 10
0 5 14
0 6 20
0 7 31
0 8 14
0 9 17
0 10 84
0 11 46
0 12 16
0 13 58
0 14 86
0 15 12
0 16 20
0 17 78
0 18 92
0 19 24
0 20 95
0 21 45
0 22 31
0 23 98
0 24 1
0 25 95
0 26 25
0 27 73
0 28 44
0 29 88
0 30 67
0 31 63
0 32 37
0 33 45
0 34 87
0 35 53
0 36 80
0 37 57
0 38 46
0 39 97
0 40 57
0 41 23
0 42 10
0 43 67
0 44 40
0 45 76
0 46 36
0 47 10
0 48 62
0 49 59
0 50 66
0 51 23
0 52 89
0 53 60
0 54 30
0 55 74
0 56 9
0 57 0
0 58 33
0 59 84
0 60 53
0 61 75
0 62 70
0 63 54
0 64 90
0 65 30
0 66 65
0 67 28
0 68 52
0 69 11
0 70 4
0 71 34
0 72 20
0 73 91
0 74 1
0 75 14
0 76 75
0 77 25
0 78 0
0 79 86
0 80 66
0 81 84
0 82 4
0 83 12
0 84 83
1 2 32
1 3 39
1 4 26
1 5 59
1 6 1
1 7 94
1 8 21
1 9 68
1 10 76
1 11 89
1 12 19
1 13 46
1 14 92
1 15 22
1 16 5
1 17 62
1 18 39
1 19 80
1 20 14
1 21 32
1 22 57
1 23 21
1 24 72
1 25 13
1 26 65
1 27 67
1 28 15
1 29 67
1 30 64
1 31 62
1 32 5
1 33 14
1 34 1
1 35 80
1 36 39
1 37 53
1 38 33
1 39 75
1 40 62
1 41 86
1 42 87
1 43 19
1 44 40
1 45 75
1 46 47
1 47 2
1 48 77
1 49 57
1 50 20
1 51 96
1 52 93
1 53 25
1 54 62
1 55 94
1 56 4
1 57 56
1 58 14
1 59 66
1 60 35
1 61 13
1 62 29
1 63 70
1 64 14
1 65 7
1 66 24
1 67 92
1 68 76
1 69 70
1 70 8
1 71 81
1 72 5
1 73 73
1 74 88
1 75 81
1 76 7
1 77 24
1 78 42
1 79 93
1 80 79
1 81 88
1 82 97
1 83 41
1 84 82
2 3 9
2 4 35
2 5 45
2 6 25
2 7 24
2 8 83
2 9 31
2 10 14
2 11 52
2 12 28
2 13 50
2 14 60
2 15 77
2 16 92
2 17 93
2 18 45
2 19 46
2 20 48
2 21 80
2 22 63
2 23 82
2 24 4
2 25 33
2 26 25
2 27 59
2 28 68
2 29 38
2 30 63
2 31 30
2 32 64
2 33 59
2 34 62
2 35 50
2 36 87
2 37 47
2 38 97
2 39 86
2 40 55
2 41 18
2 42 90
2 43 82
2 44 24
2 45 5
2 46 88
2 47 4
2 48 41
2 49 72
2 50 30
2 51 51
2 52 58
2 53 63
2 54 46
2 55 20
2 56 66
2 57 71
2 58 52
2 59 94
2 60 79
2 61 8
2 62 83
2 63 4
2 64 76
2 65 83
2 66 43
2 67 12
2 68 40
2 69 68
2 70 52
2 71 36
2 72 0
2 73 30
2 74 4
2 75 42
2 76 19
2 77 74
2 78 90
2 79 31
2 80 61
2 81 26
2 82 57
2 83 17
2 84 87
3 4 48
3 5 51
3 6 87
3 7 48
3 8 19
3 9 70
3 10 96
3 11 85
3 12 57
3 13 36
3 14 49
3 15 4
3 16 51
3 17 4
3 18 37
3 19 4
3 20 93
3 21 73
3 22 42
3 23 45
3 24 55
3 25 52
3 26 37
3 27 90
3 28 40
3 29 29
3 30 41
3 31 33
3 32 39
3 33 70
3 34 39
3 35 6
3 36 21
3 37 8
3 38 88
3 39 47
3 40 48
3 41 93
3 42 82
3 43 89
3 44 42
3 45 6
3 46 96
3 47 66
3 48 21
3 49 17
3 50 0
3 51 39
3 52 29
3 53 82
3 54 35
3 55 5
3 56 9
3 57 84
3 58 61
3 59 29
3 60 87
3 61 42
3 62 67
3 63 18
3 64 92
3 65 21
3 66 31
3 67 31
3 68 62
3 69 6
3 70 35
3 71 37
3 72 98
3 73 8
3 74 19
3 75 85
3 76 28
3 77 55
3 78 29
3 79 75
3 80 7
3 81 82
3 82 96
3 83 1
3 84 63
4 5 20
4 6 52
4 7 11
4 8 93
4 9 75
4 10 72
4 11 38
4 12 8
4 13 70
4 14 92
4 15 17
4 16 36
4 17 88
4 18 0
4 19 42
4 20 83
4 21 51
4 22 0
4 23 53
4 24 37
4 25 15
4 26 76
4 27 41
4 28 12
4 29 95
4 30 59
4 31 22
4 32 54
4 33 61
4 34 43
4 35 24
4 36 70
4 37 28
4 38 6
4 39 99
4 40 68
4 41 20
4 42 36
4 43 31
4 44 20
4 45 63
4 46 82
4 47 24
4 48 58
4 49 8
4 50 87
4 51 43
4 52 9
4 53 52
4 54 6
4 55 1
4 56 2
4 57 52
4 58 81
4 59 16
4 60 24
4 61 93
4 62 12
4 63 68
4 64 36
4 65 1
4 66 84
4 67 93
4 68 33
4 69 64
4 70 62
4 71 51
4 72 15
4 73 24
4 74 52
4 75 27
4 76 62
4 77 84
4 78 42
4 79 48
4 80 63
4 81 75
4 82 83
4 83 81
4 84 53
5 6 52
5 7 75
5 8 98
5 9 29
5 10 66
5 11 69
5 12 99
5 13 24
5 14 79
5 15 42
5 16 37
5 17 41
5 18 85
5 19 0
5 20 81
5 21 60
5 22 23
5 23 29
5 24 11
5 25 59
5 26 65
5 27 96
5 28 1
5 29 18
5 30 47
5 31 37
5 32 95
5 33 1
5 34 8
5 35 83
5 36 37
5 37 92
5 38 9
5 39 90
5 40 5
5 41 17
5 42 26
5 43 87
5 44 16
5 45 41
5 46 86
5 47 83
5 48 45
5 49 21
5 50 73
5 51 89
5 52 99
5 53 88
5 54 96
5 55 51
5 56 42
5 57 36
5 58 88
5 59 41
5 60 5
5 61 68
5 62 18
5 63 31
5 64 78
5 65 17
5 66 11
5 67 2
5 68 62
5 69 45
5 70 98
5 71 61
5 72 55
5 73 64
5 74 29
5 75 93
5 76 49
5 77 90
5 78 27
5 79 54
5 80 57
5 81 11
5 82 6
5 83 52
5 84 41
6 7 31
6 8 26
6 9 11
6 10 94
6 11 69
6 12 58
6 13 36
6 14 86
6 15 87
6 16 63
6 17 68
6 18 74
6 19 24
6 20 63
6 21 86
6 22 16
6 23 9
6 24 16
6 25 1
6 26 61
6 27 38
6 28 51
6 29 74
6 30 91
6 31 41
6 32 35
6 33 30
6 34 22
6 35 77
6 36 26
6 37 45
6 38 68
6 39 98
6 40 25
6 41 77
6 42 97
6 43 11
6 44 30
6 45 41
6 46 44
6 47 78
6 48 32
6 49 28
6 50 71
6 51 63
6 52 35
6 53 89
6 54 69
6 55 30
6 56 65
6 57 74
6 58 6
6 59 16
6 60 44
6 61 0
6 62 86
6 63 72
6 64 52
6 65 91
6 66 4
6 67 95
6 68 68
6 69 32
6 70 82
6 71 90
6 72 39
6 73 5
6 74 24
6 75 82
6 76 0
6 77 80
6 78 64
6 79 71
6 80 51
6 81 55
6 82 56
6 83 64
6 84 95
7 8 18
7 9 33
7 10 88
7 11 43
7 12 2
7 13 44
7 14 19
7 15 48
7 16 39
7 17 41
7 18 32
7 19 32
7 20 32
7 21 57
7 22 75
7 23 55
7 24 67
7 25 29
7 26 88
7 27 20
7 28 3
7 29 46
7 30 22
7 31 47
7 32 90
7 33 34
7 34 16
7 35 44
7 36 8
7 37 39
7 38 49
7 39 43
7 40 50
7 41 23
7 42 54
7 43 53
7 44 30
7 45 24
7 46 18
7 47 16
7 48 78
7 49 85
7 50 62
7 51 44
7 52 13
7 53 30
7 54 0
7 55 28
7 56 82
7 57 98
7 58 74
7 59 30
7 60 80
7 61 87
7 62 38
7 63 93
7 64 61
7 65 70
7 66 76
7 67 40
7 68 24
7 69 56
7 70 20
7 71 90
7 72 59
7 73 78
7 74 96
7 75 8
7 76 84
7 77 43
7 78 47
7 79 79
7 80 54
7 81 24
7 82 55
7 83 53
7 84 54
8 9 36
8 10 41
8 11 41
8 12 82
8 13 50
8 14 47
8 15 54
8 16 50
8 17 74
8 18 38
8 19 73
8 20 55
8 21 23
8 22 65
8 23 70
8 24 56
8 25 59
8 26 5
8 27 49
8 28 97
8 29 37
8 30 80
8 31 83
8 32 51
8 33 44
8 34 99
8 35 99
8 36 31
8 37 97
8 38 13
8 39 76
8 40 88
8 41 75
8 42 63
8 43 77
8 44 37
8 45 91
8 46 79
8 47 71
8 48 54
8 49 24
8 50 31
8 51 37
8 52 35
8 53 47
8 54 51
8 55 97
8 56 68
8 57 49
8 58 42
8 59 96
8 60 45
8 61 31
8 62 37
8 63 1
8 64 55
8 65 72
8 66 97
8 67 1
8 68 87
8 69 12
8 70 57
8 71 29
8 72 53
8 73 94
8 74 37
8 75 84
8 76 80
8 77 17
8 78 40
8 79 29
8 80 42
8 81 42
8 82 4
8 83 0
8 84 95
9 10 7
9 11 89
9 12 56
9 13 96
9 14 44
9 15 42
9 16 70
9 17 96
9 18 65
9 19 50
9 20 70
9 21 81
9 22 31
9 23 11
9 24 48
9 25 60
9 26 42
9 27 33
9 28 17
9 29 46
9 30 80
9 31 0
9 32 10
9 33 8
9 34 2
9 35 8
9 36 88
9 37 21
9 38 64
9 39 47
9 40 90
9 41 57
9 42 50
9 43 77
9 44 8
9 45 51
9 46 8
9 47 6
9 48 42
9 49 20
9 50 58
9 51 13
9 52 88
9 53 70
9 54 66
9 55 46
9 56 42
9 57 71
9 58 24
9 59 62
9 60 43
9 61 5
9 62 32
9 63 82
9 64 91
9 65 97
9 66 3
9 67 5
9 68 92
9 69 40
9 70 35
9 71 96
9 72 14
9 73 14
9 74 57
9 75 46
9 76 89
9 77 83
9 78 22
9 79 5
9 80 42
9 81 51
9 82 77
9 83 3
9 84 25
10 11 7
10 12 10
10 13 94
10 14 85
10 15 37
10 16 71
10 17 69
10 18 9
10 19 9
10 20 22
10 21 89
10 22 3
10 23 7
10 24 5
10 25 50
10 26 22
10 27 86
10 28 78
10 29 10
10 30 9
10 31 85
10 32 18
10 33 29
10 34 50
10 35 82
10 36 18
10 37 49
10 38 24
10 39 5
10 40 51
10 41 20
10 42 1
10 43 83
10 44 35
10 45 20
10 46 88
10 47 51
10 48 96
10 49 73
10 50 91
10 51 85
10 52 71
10 53 75
10 54 50
10 55 98
10 56 37
10 57 44
10 58 91
10 59 33
10 60 61
10 61 45
10 62 25
10 63 73
10 64 97
10 65 50
10 66 35
10 67 30
10 68 58
10 69 59
10 70 72
10 71 90
10 72 76
10 73 93
10 74 96
10 75 78
10 76 82
10 77 98
10 78 77
10 79 71
10 80 78
10 81 12
10 82 92
10 83 11
10 84 29
11 12 80
11 13 44
11 14 98
11 15 22
11 16 90
11 17 24
11 18 66
11 19 95
11 20 8
11 21 98
11 22 28
11 23 7
11 24 5
11 25 8
11 26 48
11 27 63
11 28 39
11 29 87
11 30 49
11 31 77
11 32 67
11 33 25
11 34 5
11 35 74
11 36 58
11 37 94
11 38 54
11 39 82
11 40 12
11 41 47
11 42 8
11 43 63
11 44 51
11 45 9
11 46 80
11 47 43
11 48 12
11 49 17
11 50 79
11 51 17
11 52 1
11 53 88
11 54 49
11 55 43
11 56 66
11 57 61
11 58 81
11 59 23
11 60 80
11 61 48
11 62 89
11 63 2
11 64 30
11 65 33
11 66 26
11 67 72
11 68 51
11 69 52
11 70 75
11 71 68
11 72 86
11 73 34
11 74 47
11 75 30
11 76 64
11 77 81
11 78 78
11 79 39
11 80 70
11 81 12
11 82 78
11 83 18
11 84 46
12 13 22
12 14 0
12 15 1
12 16 35
12 17 11
12 18 74
12 19 88
12 20 26
12 21 30
12 22 57
12 23 32
12 24 26
12 25 50
12 26 48
12 27 95
12 28 15
12 29 53
12 30 76
12 31 71
12 32 27
12 33 59
12 34 1
12 35 81
12 36 3
12 37 27
12 38 19
12 39 79
12 40 95
12 41 1
12 42 34
12 43 89
12 44 88
12 45 65
12 46 73
12 47 60
12 48 45
12 49 56
12 50 96
12 51 12
12 52 46
12 53 59
12 54 69
12 55 66
12 56 46
12 57 14
12 58 38
12 59 28
12 60 23
12 61 53
12 62 26
12 63 72
12 64 71
12 65 90
12 66 6
12 67 94
12 68 16
12 69 54
12 70 73
12 71 40
12 72 20
12 73 87
12 74 95
12 75 57
12 76 42
12 77 82
12 78 30
12 79 14
12 80 92
12 81 4
12 82 32
12 83 13
12 84 43
13 14 65
13 15 47
13 16 96
13 17 17
13 18 38
13 19 1
13 20 84
13 21 67
13 22 13
13 23 67
13 24 11
13 25 39
13 26 35
13 27 7
13 28 65
13 29 74
13 30 14
13 31 55
13 32 78
13 33 77
13 34 63
13 35 35
13 36 91
13 37 66
13 38 69
13 39 69
13 40 70
13 41 7
13 42 73
13 43 56
13 44 90
13 45 27
13 46 19
13 47 38
13 48 54
13 49 92
13 50 51
13 51 72
13 52 83
13 53 24
13 54 18
13 55 16
13 56 8
13 57 80
13 58 23
13 59 33
13 60 7
13 61 81
13 62 33
13 63 79
13 64 54
13 65 11
13 66 92
13 67 31
13 68 90
13 69 16
13 70 57
13 71 49
13 72 37
13 73 73
13 74 7
13 75 39
13 76 1
13 77 78
13 78 36
13 79 55
13 80 75
13 81 30
13 82 69
13 83 11
13 84 56
14 15 72
14 16 69
14 17 43
14 18 31
14 19 2
14 20 26
14 21 20
14 22 3
14 23 61
14 24 57
14 25 3
14 26 67
14 27 36
14 28 29
14 29 12
14 30 40
14 31 7
14 32 18
14 33 31
14 34 62
14 35 37
14 36 15
14 37 69
14 38 78
14 39 28
14 40 7
14 41 96
14 42 27
14 43 21
14 44 28
14 45 24
14 46 88
14 47 58
14 48 30
14 49 33
14 50 5
14 51 90
14 52 16
14 53 23
14 54 40
14 55 84
14 56 87
14 57 58
14 58 96
14 59 79
14 60 98
14 61 80
14 62 63
14 63 1
14 64 12
14 65 31
14 66 54
14 67 94
14 68 13
14 69 51
14 70 61
14 71 64
14 72 48
14 73 91
14 74 38
14 75 28
14 76 9
14 77 20
14 78 51
14 79 10
14 80 87
14 81 92
14 82 40
14 83 50
14 84 81
15 16 85
15 17 28
15 18 18
15 19 16
15 20 80
15 21 53
15 22 20
15 23 90
15 24 28
15 25 7
15 26 53
15 27 26
15 28 86
15 29 72
15 30 84
15 31 33
15 32 73
15 33 86
15 34 9
15 35 98
15 36 15
15 37 95
15 38 49
15 39 3
15 40 51
15 41 19
15 42 82
15 43 25
15 44 36
15 45 85
15 46 22
15 47 14
15 48 58
15 49 0
15 50 51
15 51 60
15 52 40
15 53 81
15 54 67
15 55 95
15 56 35
15 57 29
15 58 40
15 59 38
15 60 31
15 61 5
15 62 99
15 63 3
15 64 78
15 65 46
15 66 80
15 67 49
15 68 42
15 69 32
15 70 24
15 71 22
15 72 19
15 73 52
15 74 75
15 75 25
15 76 16
15 77 65
15 78 84
15 79 24
15 80 26
15 81 75
15 82 57
15 83 9
15 84 92
16 17 77
16 18 83
16 19 86
16 20 74
16 21 37
16 22 65
16 23 19
16 24 91
16 25 51
16 26 2
16 27 59
16 28 14
16 29 46
16 30 17
16 31 30
16 32 61
16 33 78
16 34 22
16 35 56
16 36 31
16 37 40
16 38 66
16 39 89
16 40 40
16 41 51
16 42 54
16 43 42
16 44 92
16 45 83
16 46 37
16 47 85
16 48 60
16 49 98
16 50 99
16 51 52
16 52 20
16 53 39
16 54 12
16 55 74
16 56 10
16 57 77
16 58 23
16 59 13
16 60 81
16 61 77
16 62 13
16 63 42
16 64 6
16 65 20
16 66 48
16 67 56
16 68 75
16 69 93
16 70 40
16 71 82
16 72 72
16 73 61
16 74 16
16 75 22
16 76 2
16 77 10
16 78 66
16 79 43
16 80 17
16 81 23
16 82 21
16 83 56
16 84 44
17 18 42
17 19 63
17 20 85
17 21 36
17 22 30
17 23 75
17 24 84
17 25 78
17 26 25
17 27 70
17 28 17
17 29 34
17 30 32
17 31 37
17 32 14
17 33 57
17 34 73
17 35 93
17 36 52
17 37 27
17 38 93
17 39 92
17 40 21
17 41 94
17 42 87
17 43 73
17 44 11
17 45 29
17 46 89
17 47 92
17 48 6
17 49 8
17 50 34
17 51 64
17 52 89
17 53 12
17 54 8
17 55 79
17 56 13
17 57 12
17 58 48
17 59 71
17 60 43
17 61 76
17 62 36
17 63 46
17 64 83
17 65 25
17 66 93
17 67 50
17 68 49
17 69 41
17 70 37
17 71 96
17 72 32
17 73 30
17 74 59
17 75 36
17 76 91
17 77 81
17 78 50
17 79 27
17 80 65
17 81 24
17 82 55
17 83 13
17 84 94
18 19 60
18 20 98
18 21 54
18 22 52
18 23 98
18 24 8
18 25 45
18 26 72
18 27 10
18 28 89
18 29 68
18 30 57
18 31 17
18 32 27
18 33 57
18 34 25
18 35 46
18 36 25
18 37 81
18 38 96
18 39 27
18 40 87
18 41 89
18 42 58
18 43 94
18 44 6
18 45 58
18 46 44
18 47 40
18 48 46
18 49 15
18 50 15
18 51 38
18 52 57
18 53 58
18 54 50
18 55 73
18 56 81
18 57 95
18 58 95
18 59 3
18 60 31
18 61 79
18 62 90
18 63 3
18 64 83
18 65 6
18 66 58
18 67 34
18 68 68
18 69 98
18 70 63
18 71 80
18 72 76
18 73 93
18 74 45
18 75 3
18 76 77
18 77 3
18 78 54
18 79 38
18 80 29
18 81 56
18 82 42
18 83 0
18 84 34
19 20 53
19 21 2
19 22 16
19 23 98
19 24 38
19 25 90
19 26 7
19 27 19
19 28 26
19 29 16
19 30 3
19 31 79
19 32 64
19 33 30
19 34 87
19 35 8
19 36 99
19 37 86
19 38 23
19 39 91
19 40 86
19 41 99
19 42 27
19 43 23
19 44 82
19 45 40
19 46 43
19 47 60
19 48 85
19 49 43
19 50 77
19 51 53
19 52 12
19 53 56
19 54 42
19 55 81
19 56 19
19 57 92
19 58 99
19 59 61
19 60 62
19 61 67
19 62 79
19 63 3
19 64 29
19 65 23
19 66 56
19 67 89
19 68 90
19 69 18
19 70 79
19 71 73
19 72 53
19 73 61
19 74 24
19 75 83
19 76 50
19 77 3
19 78 33
19 79 29
19 80 13
19 81 21
19 82 97
19 83 49
19 84 58
20 21 89
20 22 31
20 23 88
20 24 95
20 25 52
20 26 51
20 27 76
20 28 39
20 29 58
20 30 85
20 31 25
20 32 80
20 33 54
20 34 42
20 35 97
20 36 46
20 37 35
20 38 40
20 39 65
20 40 27
20 41 22
20 42 25
20 43 7
20 44 98
20 45 47
20 46 42
20 47 67
20 48 26
20 49 91
20 50 92
20 51 42
20 52 42
20 53 99
20 54 76
20 55 58
20 56 94
20 57 5
20 58 68
20 59 34
20 60 96
20 61 24
20 62 16
20 63 69
20 64 98
20 65 36
20 66 23
20 67 74
20 68 87
20 69 20
20 70 96
20 71 98
20 72 69
20 73 79
20 74 51
20 75 3
20 76 25
20 77 21
20 78 46
20 79 70
20 80 19
20 81 59
20 82 73
20 83 62
20 84 37
21 22 10
21 23 91
21 24 60
21 25 79
21 26 77
21 27 43
21 28 18
21 29 32
21 30 78
21 31 49
21 32 38
21 33 56
21 34 37
21 35 17
21 36 86
21 37 14
21 38 1
21 39 24
21 40 67
21 41 14
21 42 1
21 43 87
21 44 20
21 45 64
21 46 47
21 47 39
21 48 16
21 49 40
21 50 51
21 51 54
21 52 26
21 53 14
21 54 22
21 55 47
21 56 71
21 57 75
21 58 91
21 59 11
21 60 18
21 61 80
21 62 17
21 63 17
21 64 10
21 65 39
21 66 20
21 67 5
21 68 77
21 69 37
21 70 74
21 71 3
21 72 48
21 73 32
21 74 87
21 75 25
21 76 80
21 77 64
21 78 99
21 79 31
21 80 25
21 81 7
21 82 33
21 83 40
21 84 73
22 23 91
22 24 51
22 25 98
22 26 92
22 27 68
22 28 74
22 29 91
22 30 80
22 31 26
22 32 20
22 33 87
22 34 33
22 35 2
22 36 98
22 37 43
22 38 98
22 39 84
22 40 46
22 41 6
22 42 95
22 43 85
22 44 15
22 45 51
22 46 62
22 47 64
22 48 14
22 49 99
22 50 18
22 51 43
22 52 15
22 53 28
22 54 53
22 55 62
22 56 23
22 57 80
22 58 97
22 59 13
22 60 38
22 61 24
22 62 5
22 63 59
22 64 2
22 65 85
22 66 4
22 67 90
22 68 40
22 69 14
22 70 67
22 71 55
22 72 48
22 73 74
22 74 31
22 75 79
22 76 71
22 77 68
22 78 98
22 79 40
22 80 97
22 81 18
22 82 55
22 83 75
22 84 28
23 24 78
23 25 99
23 26 24
23 27 0
23 28 86
23 29 25
23 30 47
23 31 83
23 32 61
23 33 50
23 34 85
23 35 13
23 36 46
23 37 68
23 38 26
23 39 65
23 40 16
23 41 47
23 42 29
23 43 3
23 44 15
23 45 4
23 46 35
23 47 91
23 48 85
23 49 69
23 50 21
23 51 56
23 52 5
23 53 58
23 54 49
23 55 17
23 56 80
23 57 86
23 58 57
23 59 19
23 60 10
23 61 49
23 62 3
23 63 63
23 64 0
23 65 10
23 66 44
23 67 65
23 68 93
23 69 12
23 70 84
23 71 78
23 72 78
23 73 53
23 74 35
23 75 43
23 76 62
23 77 33
23 78 15
23 79 70
23 80 99
23 81 79
23 82 73
23 83 29
23 84 11
24 25 42
24 26 61
24 27 7
24 28 93
24 29 39
24 30 90
24 31 11
24 32 95
24 33 45
24 34 47
24 35 97
24 36 37
24 37 99
24 38 55
24 39 43
24 40 53
24 41 10
24 42 28
24 43 99
24 44 45
24 45 94
24 46 78
24 47 95
24 48 47
24 49 31
24 50 22
24 51 32
24 52 82
24 53 87
24 54 86
24 55 16
24 56 47
24 57 58
24 58 71
24 59 73
24 60 79
24 61 86
24 62 26
24 63 3
24 64 39
24 65 63
24 66 61
24 67 65
24 68 72
24 69 88
24 70 49
24 71 56
24 72 80
24 73 89
24 74 28
24 75 57
24 76 71
24 77 99
24 78 33
24 79 17
24 80 59
24 81 57
24 82 81
24 83 3
24 84 83
25 26 37
25 27 0
25 28 2
25 29 39
25 30 44
25 31 53
25 32 53
25 33 8
25 34 63
25 35 80
25 36 8
25 37 93
25 38 52
25 39 66
25 40 67
25 41 89
25 42 2
25 43 71
25 44 87
25 45 57
25 46 51
25 47 53
25 48 30
25 49 99
25 50 26
25 51 46
25 52 52
25 53 75
25 54 55
25 55 73
25 56 69
25 57 78
25 58 15
25 59 69
25 60 26
25 61 55
25 62 54
25 63 62
25 64 8
25 65 86
25 66 51
25 67 55
25 68 45
25 69 82
25 70 21
25 71 83
25 72 2
25 73 29
25 74 5
25 75 73
25 76 83
25 77 83
25 78 54
25 79 7
25 80 49
25 81 18
25 82 48
25 83 23
25 84 75
26 27 1
26 28 31
26 29 60
26 30 77
26 31 82
26 32 12
26 33 37
26 34 73
26 35 68
26 36 78
26 37 28
26 38 83
26 39 3
26 40 31
26 41 18
26 42 91
26 43 76
26 44 88
26 45 52
26 46 40
26 47 39
26 48 4
26 49 74
26 50 64
26 51 37
26 52 37
26 53 11
26 54 38
26 55 44
26 56 55
26 57 35
26 58 82
26 59 53
26 60 65
26 61 94
26 62 9
26 63 95
26 64 21
26 65 87
26 66 71
26 67 29
26 68 44
26 69 0
26 70 0
26 71 89
26 72 56
26 73 77
26 74 39
26 75 44
26 76 19
26 77 70
26 78 98
26 79 98
26 80 90
26 81 94
26 82 81
26 83 40
26 84 66
27 28 69
27 29 32
27 30 89
27 31 8
27 32 47
27 33 27
27 34 70
27 35 25
27 36 69
27 37 24
27 38 35
27 39 22
27 40 74
27 41 73
27 42 33
27 43 26
27 44 30
27 45 40
27 46 16
27 47 95
27 48 93
27 49 13
27 50 47
27 51 11
27 52 51
27 53 38
27 54 33
27 55 18
27 56 89
27 57 33
27 58 96
27 59 2
27 60 0
27 61 34
27 62 51
27 63 12
27 64 13
27 65 97
27 66 36
27 67 36
27 68 55
27 69 73
27 70 22
27 71 11
27 72 86
27 73 47
27 74 61
27 75 62
27 76 78
27 77 29
27 78 26
27 79 92
27 80 69
27 81 54
27 82 38
27 83 24
27 84 78
28 29 86
28 30 52
28 31 25
28 32 49
28 33 10
28 34 42
28 35 53
28 36 36
28 37 25
28 38 52
28 39 94
28 40 52
28 41 2
28 42 83
28 43 30
28 44 30
28 45 65
28 46 98
28 47 9
28 48 70
28 49 18
28 50 57
28 51 93
28 52 13
28 53 67
28 54 92
28 55 85
28 56 81
28 57 37
28 58 34
28 59 72
28 60 88
28 61 98
28 62 77
28 63 67
28 64 56
28 65 47
28 66 24
28 67 47
28 68 49
28 69 27
28 70 40
28 71 49
28 72 68
28 73 44
28 74 70
28 75 9
28 76 35
28 77 10
28 78 75
28 79 43
28 80 64
28 81 94
28 82 73
28 83 60
28 84 90
29 30 90
29 31 12
29 32 71
29 33 2
29 34 20
29 35 90
29 36 39
29 37 99
29 38 90
29 39 30
29 40 58
29 41 50
29 42 65
29 43 90
29 44 56
29 45 12
29 46 56
29 47 36
29 48 41
29 49 88
29 50 36
29 51 39
29 52 36
29 53 99
29 54 45
29 55 29
29 56 56
29 57 99
29 58 30
29 59 82
29 60 36
29 61 56
29 62 26
29 63 69
29 64 37
29 65 0
29 66 72
29 67 8
29 68 91
29 69 73
29 70 66
29 71 31
29 72 39
29 73 19
29 74 13
29 75 64
29 76 38
29 77 50
29 78 44
29 79 22
29 80 20
29 81 8
29 82 98
29 83 55
29 84 77
30 31 71
30 32 89
30 33 70
30 34 59
30 35 10
30 36 73
30 37 55
30 38 42
30 39 0
30 40 80
30 41 33
30 42 53
30 43 32
30 44 48
30 45 45
30 46 93
30 47 93
30 48 47
30 49 31
30 50 75
30 51 56
30 52 83
30 53 49
30 54 1
30 55 77
30 56 1
30 57 52
30 58 84
30 59 12
30 60 46
30 61 36
30 62 90
30 63 14
30 64 80
30 65 40
30 66 23
30 67 19
30 68 64
30 69 30
30 70 88
30 71 10
30 72 30
30 73 4
30 74 67
30 75 43
30 76 30
30 77 26
30 78 94
30 79 50
30 80 15
30 81 32
30 82 79
30 83 43
30 84 72
31 32 20
31 33 59
31 34 80
31 35 39
31 36 0
31 37 58
31 38 64
31 39 58
31 40 41
31 41 37
31 42 4
31 43 85
31 44 63
31 45 94
31 46 44
31 47 92
31 48 59
31 49 99
31 50 91
31 51 44
31 52 23
31 53 81
31 54 51
31 55 42
31 56 14
31 57 69
31 58 37
31 59 33
31 60 65
31 61 75
31 62 40
31 63 54
31 64 2
31 65 56
31 66 73
31 67 16
31 68 93
31 69 56
31 70 30
31 71 82
31 72 1
31 73 25
31 74 9
31 75 64
31 76 95
31 77 35
31 78 56
31 79 55
31 80 93
31 81 78
31 82 58
31 83 71
31 84 3
32 33 55
32 34 46
32 35 67
32 36 95
32 37 9
32 38 85
32 39 4
32 40 19
32 41 56
32 42 48
32 43 67
32 44 54
32 45 81
32 46 35
32 47 17
32 48 78
32 49 56
32 50 0
32 51 76
32 52 91
32 53 4
32 54 39
32 55 86
32 56 72
32 57 71
32 58 99
32 59 29
32 60 57
32 61 58
32 62 30
32 63 67
32 64 76
32 65 32
32 66 93
32 67 61
32 68 85
32 69 8
32 70 9
32 71 96
32 72 99
32 73 21
32 74 60
32 75 90
32 76 95
32 77 7
32 78 72
32 79 43
32 80 43
32 81 72
32 82 32
32 83 53
32 84 79
33 34 84
33 35 12
33 36 71
33 37 51
33 38 81
33 39 17
33 40 48
33 41 21
33 42 96
33 43 80
33 44 40
33 45 1
33 46 10
33 47 42
33 48 6
33 49 75
33 50 44
33 51 48
33 52 97
33 53 3
33 54 91
33 55 24
33 56 1
33 57 55
33 58 61
33 59 89
33 60 75
33 61 42
33 62 93
33 63 43
33 64 99
33 65 63
33 66 66
33 67 50
33 68 73
33 69 86
33 70 8
33 71 73
33 72 95
33 73 23
33 74 96
33 75 76
33 76 30
33 77 65
33 78 10
33 79 37
33 80 4
33 81 78
33 82 94
33 83 89
33 84 73
34 35 1
34 36 35
34 37 68
34 38 34
34 39 76
34 40 69
34 41 1
34 42 3
34 43 14
34 44 98
34 45 34
34 46 47
34 47 33
34 48 19
34 49 47
34 50 36
34 51 68
34 52 37
34 53 94
34 54 58
34 55 40
34 56 26
34 57 66
34 58 31
34 59 55
34 60 5
34 61 25
34 62 53
34 63 84
34 64 21
34 65 2
34 66 23
34 67 87
34 68 87
34 69 52
34 70 39
34 71 47
34 72 0
34 73 10
34 74 48
34 75 83
34 76 93
34 77 51
34 78 16
34 79 41
34 80 8
34 81 51
34 82 42
34 83 32
34 84 86
35 36 36
35 37 10
35 38 95
35 39 45
35 40 21
35 41 44
35 42 27
35 43 84
35 44 8
35 45 50
35 46 15
35 47 55
35 48 46
35 49 15
35 50 47
35 51 31
35 52 29
35 53 45
35 54 70
35 55 17
35 56 94
35 57 45
35 58 50
35 59 20
35 60 39
35 61 85
35 62 96
35 63 69
35 64 19
35 65 53
35 66 91
35 67 71
35 68 24
35 69 96
35 70 29
35 71 30
35 72 9
35 73 35
35 74 6
35 75 35
35 76 63
35 77 58
35 78 86
35 79 38
35 80 98
35 81 78
35 82 56
35 83 75
35 84 49
36 37 67
36 38 99
36 39 72
36 40 7
36 41 52
36 42 63
36 43 5
36 44 47
36 45 8
36 46 88
36 47 31
36 48 76
36 49 44
36 50 28
36 51 58
36 52 2
36 53 72
36 54 63
36 55 38
36 56 78
36 57 89
36 58 94
36 59 80
36 60 46
36 61 56
36 62 47
36 63 58
36 64 6
36 65 27
36 66 6
36 67 44
36 68 24
36 69 6
36 70 98
36 71 74
36 72 48
36 73 46
36 74 80
36 75 10
36 76 23
36 77 99
36 78 39
36 79 93
36 80 73
36 81 94
36 82 97
36 83 29
36 84 18
37 38 51
37 39 38
37 40 47
37 41 95
37 42 72
37 43 81
37 44 46
37 45 60
37 46 3
37 47 85
37 48 31
37 49 91
37 50 7
37 51 89
37 52 88
37 53 10
37 54 90
37 55 55
37 56 40
37 57 87
37 58 31
37 59 1
37 60 77
37 61 27
37 62 19
37 63 8
37 64 7
37 65 13
37 66 50
37 67 84
37 68 81
37 69 6
37 70 16
37 71 40
37 72 87
37 73 16
37 74 47
37 75 62
37 76 84
37 77 75
37 78 0
37 79 74
37 80 76
37 81 24
37 82 95
37 83 36
37 84 94
38 39 32
38 40 47
38 41 22
38 42 43
38 43 62
38 44 40
38 45 33
38 46 97
38 47 16
38 48 25
38 49 93
38 50 23
38 51 46
38 52 59
38 53 13
38 54 84
38 55 62
38 56 90
38 57 12
38 58 96
38 59 33
38 60 52
38 61 16
38 62 76
38 63 96
38 64 47
38 65 69
38 66 18
38 67 92
38 68 82
38 69 77
38 70 64
38 71 9
38 72 48
38 73 57
38 74 68
38 75 53
38 76 23
38 77 39
38 78 82
38 79 66
38 80 10
38 81 42
38 82 99
38 83 56
38 84 98
39 40 19
39 41 37
39 42 25
39 43 61
39 44 9
39 45 12
39 46 22
39 47 90
39 48 0
39 49 65
39 50 0
39 51 37
39 52 83
39 53 81
39 54 32
39 55 53
39 56 66
39 57 1
39 58 99
39 59 37
39 60 94
39 61 90
39 62 86
39 63 12
39 64 81
39 65 70
39 66 77
39 67 8
39 68 61
39 69 95
39 70 64
39 71 34
39 72 14
39 73 49
39 74 4
39 75 0
39 76 56
39 77 82
39 78 17
39 79 52
39 80 54
39 81 35
39 82 42
39 83 71
39 84 25
40 41 22
40 42 38
40 43 59
40 44 52
40 45 88
40 46 82
40 47 44
40 48 13
40 49 86
40 50 21
40 51 36
40 52 63
40 53 40
40 54 58
40 55 52
40 56 30
40 57 81
40 58 98
40 59 33
40 60 34
40 61 66
40 62 16
40 63 31
40 64 95
40 65 44
40 66 12
40 67 3
40 68 52
40 69 60
40 70 57
40 71 77
40 72 67
40 73 26
40 74 49
40 75 15
40 76 27
40 77 56
40 78 9
40 79 22
40 80 86
40 81 23
40 82 70
40 83 71
40 84 90
41 42 20
41 43 91
41 44 54
41 45 42
41 46 34
41 47 64
41 48 98
41 49 0
41 50 68
41 51 86
41 52 17
41 53 45
41 54 70
41 55 81
41 56 9
41 57 75
41 58 20
41 59 41
41 60 71
41 61 87
41 62 55
41 63 74
41 64 34
41 65 45
41 66 74
41 67 76
41 68 73
41 69 27
41 70 28
41 71 43
41 72 91
41 73 55
41 74 78
41 75 4
41 76 43
41 77 42
41 78 22
41 79 64
41 80 71
41 81 57
41 82 80
41 83 6
41 84 8
42 43 50
42 44 38
42 45 42
42 46 29
42 47 22
42 48 62
42 49 23
42 50 75
42 51 17
42 52 93
42 53 72
42 54 23
42 55 57
42 56 30
42 57 93
42 58 63
42 59 79
42 60 79
42 61 41
42 62 61
42 63 65
42 64 49
42 65 85
42 66 90
42 67 64
42 68 16
42 69 4
42 70 88
42 71 15
42 72 71
42 73 48
42 74 79
42 75 40
42 76 29
42 77 84
42 78 24
42 79 83
42 80 68
42 81 30
42 82 27
42 83 57
42 84 21
43 44 37
43 45 83
43 46 54
43 47 43
43 48 67
43 49 47
43 50 14
43 51 37
43 52 89
43 53 24
43 54 12
43 55 4
43 56 49
43 57 56
43 58 0
43 59 21
43 60 68
43 61 69
43 62 90
43 63 41
43 64 60
43 65 72
43 66 17
43 67 93
43 68 92
43 69 80
43 70 29
43 71 35
43 72 24
43 73 35
43 74 31
43 75 57
43 76 1
43 77 34
43 78 13
43 79 46
43 80 70
43 81 8
43 82 39
43 83 83
43 84 10
44 45 44
44 46 94
44 47 65
44 48 44
44 49 55
44 50 67
44 51 93
44 52 95
44 53 53
44 54 8
44 55 96
44 56 22
44 57 79
44 58 66
44 59 90
44 60 29
44 61 66
44 62 86
44 63 99
44 64 66
44 65 17
44 66 68
44 67 43
44 68 90
44 69 43
44 70 41
44 71 31
44 72 47
44 73 68
44 74 52
44 75 61
44 76 61
44 77 44
44 78 22
44 79 0
44 80 96
44 81 17
44 82 51
44 83 32
44 84 61
45 46 7
45 47 94
45 48 51
45 49 63
45 50 7
45 51 99
45 52 38
45 53 96
45 54 55
45 55 18
45 56 36
45 57 29
45 58 10
45 59 23
45 60 31
45 61 66
45 62 88
45 63 70
45 64 96
45 65 4
45 66 1
45 67 80
45 68 96
45 69 0
45 70 23
45 71 45
45 72 93
45 73 87
45 74 83
45 75 9
45 76 62
45 77 12
45 78 95
45 79 7
45 80 9
45 81 36
45 82 71
45 83 40
45 84 85
46 47 18
46 48 41
46 49 36
46 50 30
46 51 41
46 52 76
46 53 73
46 54 62
46 55 24
46 56 29
46 57 36
46 58 12
46 59 81
46 60 66
46 61 82
46 62 7
46 63 30
46 64 75
46 65 44
46 66 33
46 67 58
46 68 78
46 69 12
46 70 39
46 71 89
46 72 69
46 73 17
46 74 86
46 75 59
46 76 43
46 77 30
46 78 85
46 79 30
46 80 7
46 81 8
46 82 3
46 83 34
46 84 60
47 48 52
47 49 20
47 50 48
47 51 69
47 52 41
47 53 71
47 54 29
47 55 63
47 56 69
47 57 23
47 58 46
47 59 91
47 60 3
47 61 17
47 62 13
47 63 0
47 64 99
47 65 8
47 66 17
47 67 41
47 68 29
47 69 25
47 70 41
47 71 27
47 72 15
47 73 75
47 74 62
47 75 31
47 76 68
47 77 28
47 78 66
47 79 83
47 80 20
47 81 99
47 82 87
47 83 98
47 84 80
48 49 27
48 50 35
48 51 22
48 52 27
48 53 3
48 54 80
48 55 94
48 56 57
48 57 42
48 58 58
48 59 85
48 60 13
48 61 69
48 62 40
48 63 35
48 64 18
48 65 75
48 66 40
48 67 73
48 68 1
48 69 59
48 70 97
48 71 89
48 72 28
48 73 67
48 74 29
48 75 26
48 76 94
48 77 97
48 78 51
48 79 71
48 80 14
48 81 5
48 82 14
48 83 95
48 84 19
49 50 83
49 51 37
49 52 3
49 53 60
49 54 7
49 55 18
49 56 54
49 57 92
49 58 77
49 59 23
49 60 76
49 61 53
49 62 37
49 63 26
49 64 35
49 65 28
49 66 62
49 67 69
49 68 83
49 69 37
49 70 38
49 71 86
49 72 74
49 73 22
49 74 31
49 75 5
49 76 32
49 77 44
49 78 8
49 79 40
49 80 23
49 81 0
49 82 11
49 83 36
49 84 42
50 51 51
50 52 80
50 53 56
50 54 5
50 55 31
50 56 40
50 57 21
50 58 64
50 59 19
50 60 41
50 61 81
50 62 47
50 63 5
50 64 52
50 65 57
50 66 86
50 67 24
50 68 70
50 69 88
50 70 75
50 71 70
50 72 0
50 73 31
50 74 63
50 75 8
50 76 3
50 77 82
50 78 9
50 79 76
50 80 85
50 81 6
50 82 1
50 83 5
50 84 87
51 52 9
51 53 14
51 54 45
51 55 89
51 56 31
51 57 62
51 58 68
51 59 48
51 60 24
51 61 19
51 62 35
51 63 90
51 64 36
51 65 46
51 66 27
51 67 75
51 68 96
51 69 94
51 70 56
51 71 36
51 72 88
51 73 46
51 74 17
51 75 27
51 76 17
51 77 55
51 78 7
51 79 34
51 80 3
51 81 10
51 82 60
51 83 28
51 84 27
52 53 83
52 54 72
52 55 80
52 56 86
52 57 92
52 58 95
52 59 80
52 60 43
52 61 84
52 62 67
52 63 9
52 64 12
52 65 54
52 66 87
52 67 60
52 68 81
52 69 25
52 70 97
52 71 12
52 72 69
52 73 9
52 74 43
52 75 52
52 76 21
52 77 54
52 78 39
52 79 76
52 80 41
52 81 72
52 82 37
52 83 20
52 84 30
53 54 32
53 55 9
53 56 73
53 57 16
53 58 62
53 59 0
53 60 89
53 61 28
53 62 52
53 63 41
53 64 24
53 65 40
53 66 14
53 67 67
53 68 33
53 69 84
53 70 51
53 71 49
53 72 30
53 73 23
53 74 31
53 75 4
53 76 54
53 77 95
53 78 93
53 79 34
53 80 1
53 81 6
53 82 44
53 83 79
53 84 42
54 55 93
54 56 20
54 57 20
54 58 66
54 59 54
54 60 65
54 61 59
54 62 62
54 63 65
54 64 57
54 65 23
54 66 87
54 67 66
54 68 29
54 69 65
54 70 7
54 71 96
54 72 91
54 73 55
54 74 55
54 75 6
54 76 57
54 77 21
54 78 67
54 79 81
54 80 48
54 81 83
54 82 72
54 83 69
54 84 10
55 56 94
55 57 43
55 58 34
55 59 94
55 60 56
55 61 29
55 62 14
55 63 19
55 64 94
55 65 28
55 66 73
55 67 49
55 68 92
55 69 27
55 70 28
55 71 93
55 72 75
55 73 65
55 74 58
55 75 44
55 76 90
55 77 73
55 78 55
55 79 3
55 80 22
55 81 25
55 82 39
55 83 37
55 84 76
56 57 9
56 58 16
56 59 61
56 60 50
56 61 80
56 62 57
56 63 34
56 64 11
56 65 7
56 66 36
56 67 46
56 68 51
56 69 25
56 70 88
56 71 63
56 72 31
56 73 35
56 74 36
56 75 44
56 76 92
56 77 47
56 78 84
56 79 35
56 80 34
56 81 53
56 82 17
56 83 40
56 84 5
57 58 6
57 59 29
57 60 5
57 61 47
57 62 44
57 63 85
57 64 50
57 65 67
57 66 4
57 67 75
57 68 62
57 69 97
57 70 55
57 71 39
57 72 59
57 73 94
57 74 44
57 75 9
57 76 18
57 77 29
57 78 17
57 79 41
57 80 13
57 81 99
57 82 32
57 83 59
57 84 0
58 59 31
58 60 57
58 61 19
58 62 80
58 63 74
58 64 85
58 65 99
58 66 25
58 67 12
58 68 5
58 69 23
58 70 95
58 71 86
58 72 59
58 73 11
58 74 67
58 75 74
58 76 32
58 77 9
58 78 17
58 79 3
58 80 48
58 81 29
58 82 36
58 83 38
58 84 88
59 60 40
59 61 24
59 62 11
59 63 37
59 64 44
59 65 42
59 66 54
59 67 10
59 68 63
59 69 5
59 70 7
59 71 94
59 72 81
59 73 37
59 74 26
59 75 76
59 76 58
59 77 35
59 78 15
59 79 7
59 80 15
59 81 54
59 82 95
59 83 17
59 84 19
60 61 61
60 62 16
60 63 8
60 64 16
60 65 96
60 66 40
60 67 73
60 68 45
60 69 68
60 70 17
60 71 2
60 72 12
60 73 50
60 74 97
60 75 92
60 76 5
60 77 63
60 78 50
60 79 53
60 80 62
60 81 46
60 82 14
60 83 58
60 84 37
61 62 63
61 63 56
61 64 54
61 65 57
61 66 41
61 67 41
61 68 38
61 69 82
61 70 31
61 71 76
61 72 61
61 73 36
61 74 56
61 75 60
61 76 6
61 77 95
61 78 61
61 79 87
61 80 45
61 81 3
61 82 59
61 83 58
61 84 59
62 63 87
62 64 92
62 65 26
62 66 20
62 67 25
62 68 46
62 69 31
62 70 94
62 71 10
62 72 2
62 73 99
62 74 58
62 75 64
62 76 27
62 77 71
62 78 86
62 79 38
62 80 23
62 81 10
62 82 64
62 83 98
62 84 67
63 64 25
63 65 74
63 66 11
63 67 27
63 68 85
63 69 47
63 70 14
63 71 43
63 72 61
63 73 41
63 74 92
63 75 76
63 76 14
63 77 43
63 78 44
63 79 46
63 80 43
63 81 69
63 82 86
63 83 12
63 84 69
64 65 8
64 66 29
64 67 64
64 68 41
64 69 48
64 70 68
64 71 76
64 72 44
64 73 2
64 74 36
64 75 18
64 76 51
64 77 5
64 78 79
64 79 88
64 80 18
64 81 51
64 82 73
64 83 60
64 84 20
65 66 19
65 67 0
65 68 66
65 69 25
65 70 43
65 71 25
65 72 22
65 73 83
65 74 49
65 75 23
65 76 54
65 77 44
65 78 53
65 79 89
65 80 35
65 81 75
65 82 60
65 83 81
65 84 87
66 67 3
66 68 69
66 69 22
66 70 31
66 71 61
66 72 8
66 73 11
66 74 72
66 75 21
66 76 8
66 77 88
66 78 8
66 79 98
66 80 73
66 81 3
66 82 22
66 83 19
66 84 58
67 68 92
67 69 50
67 70 74
67 71 59
67 72 95
67 73 98
67 74 31
67 75 69
67 76 52
67 77 3
67 78 27
67 79 85
67 80 50
67 81 82
67 82 48
67 83 45
67 84 4
68 69 19
68 70 78
68 71 11
68 72 59
68 73 95
68 74 84
68 75 18
68 76 31
68 77 42
68 78 30
68 79 93
68 80 48
68 81 83
68 82 23
68 83 27
68 84 46
69 70 80
69 71 88
69 72 5
69 73 75
69 74 30
69 75 93
69 76 51
69 77 45
69 78 14
69 79 90
69 80 70
69 81 85
69 82 97
69 83 59
69 84 41
70 71 75
70 72 98
70 73 53
70 74 37
70 75 0
70 76 49
70 77 37
70 78 30
70 79 91
70 80 68
70 81 49
70 82 16
70 83 47
70 84 57
71 72 89
71 73 46
71 74 17
71 75 4
71 76 80
71 77 35
71 78 25
71 79 63
71 80 82
71 81 62
71 82 72
71 83 48
71 84 39
72 73 30
72 74 65
72 75 70
72 76 98
72 77 96
72 78 28
72 79 66
72 80 63
72 81 8
72 82 29
72 83 66
72 84 34
73 74 69
73 75 19
73 76 97
73 77 92
73 78 15
73 79 26
73 80 56
73 81 94
73 82 69
73 83 23
73 84 2
74 75 60
74 76 22
74 77 57
74 78 68
74 79 8
74 80 16
74 81 7
74 82 68
74 83 30
74 84 26
75 76 28
75 77 82
75 78 74
75 79 89
75 80 71
75 81 98
75 82 49
75 83 60
75 84 13
76 77 85
76 78 75
76 79 92
76 80 75
76 81 43
76 82 25
76 83 99
76 84 32
77 78 95
77 79 31
77 80 73
77 81 14
77 82 22
77 83 61
77 84 87
78 79 52
78 80 63
78 81 14
78 82 86
78 83 30
78 84 90
79 80 98
79 81 72
79 82 52
79 83 32
79 84 52
80 81 64
80 82 44
80 83 38
80 84 85
81 82 92
81 83 80
81 84 91
82 83 84
82 84 38
83 84 0
