0 1 96
0 2 52
0 3 55
0 4 49
0 5 42
0 6 66
0 7 28
0 8 34
0 9 30
0 10 45
0 11 12
0 12 89
0 13 22
0 14 77
0 15 45
0 16 32
0 17 12
0 18 65
0 19 74
1 2 65
1 3 23
1 4 70
1 5 91
1 6 78
1 7 46
1 8 17
1 9 32
1 10 58
1 11 34
1 12 30
1 13 48
1 14 42
1 15 98
1 16 50
1 17 53
1 18 89
1 19 73
2 3 47
2 4 9
2 5 70
2 6 30
2 7 81
2 8 20
2 9 8
2 10 57
2 11 44
2 12 90
2 13 37
2 14 62
2 15 28
2 16 59
2 17 32
2 18 37
2 19 56
3 4 29
3 5 15
3 6 26
3 7 30
3 8 3
3 9 87
3 10 25
3 11 24
3 12 48
3 13 78
3 14 9
3 15 61
3 16 25
3 17 35
3 18 70
3 19 26
4 5 35
4 6 40
4 7 59
4 8 29
4 9 58
4 10 59
4 11 57
4 12 16
4 13 80
4 14 95
4 15 69
4 16 6
4 17 9
4 18 8
4 19 60
5 6 4
5 7 64
5 8 31
5 9 6
5 10 36
5 11 79
5 12 19
5 13 36
5 14 69
5 15 98
5 16 44
5 17 72
5 18 26
5 19 8
6 7 18
6 8 89
6 9 36
6 10 28
6 11 33
6 12 91
6 13 42
6 14 62
6 15 34
6 16 24
6 17 84
6 18 87
6 19 42
7 8 43
7 9 35
7 10 44
7 11 39
7 12 2
7 13 89
7 14 32
7 15 78
7 16 68
7 17 10
7 18 50
7 19 5
8 9 33
8 10 91
8 11 54
8 12 11
8 13 14
8 14 7
8 15 73
8 16 6
8 17 34
8 18 77
8 19 60
9 10 71
9 11 34
9 12 66
9 13 60
9 14 39
9 15 74
9 16 5
9 17 68
9 18 75
9 19 43
10 11 7
10 12 27
10 13 99
10 14 61
10 15 16
10 16 70
10 17 10
10 18 60
10 19 23
11 12 14
11 13 57
11 14 6
11 15 21
11 16 54
11 17 94
11 18 27
11 19 56
12 13 91
12 14 48
12 15 90
12 16 91
12 17 95
12 18 91
12 19 56
13 14 85
13 15 38
13 16 5
13 17 92
13 18 7
13 19 32
14 15 44
14 16 78
14 17 53
14 18 24
14 19 54
15 16 66
15 17 2
15 18 85
15 19 98
16 17 88
16 18 81
16 19 15
17 18 36
17 19 48
18 19 93
