0 1 30
0 2 18
0 3 20
0 4 25
0 5 79
0 6 60
0 7 79
0 8 88
0 9 19
0 10 67
0 11 87
0 12 73
0 13 86
0 14 14
0 15 79
0 16 73
0 17 33
0 18 98
0 19 93
0 20 96
0 21 63
0 22 13
0 23 17
0 24 27
0 25 28
0 26 31
0 27 61
0 28 27
0 29 82
0 30 34
0 31 66
0 32 22
0 33 64
0 34 81
0 35 95
0 36 71
0 37 25
0 38 39
0 39 2
0 40 97
0 41 65
0 42 23
0 43 53
0 44 71
1 2 89
1 3 13
1 4 54
1 5 24
1 6 46
1 7 22
1 8 72
1 9 21
1 10 36
1 11 16
1 12 45
1 13 82
1 14 35
1 15 82
1 16 48
1 17 14
1 18 40
1 19 54
1 20 83
1 21 6
1 22 22
1 23 81
1 24 31
1 25 78
1 26 74
1 27 42
1 28 39
1 29 4
1 30 70
1 31 12
1 32 39
1 33 72
1 34 16
1 35 82
1 36 79
1 37 2
1 38 71
1 39 12
1 40 77
1 41 84
1 42 54
1 43 65
1 44 19
2 3 12
2 4 67
2 5 4
2 6 49
2 7 12
2 8 88
2 9 2
2 10 46
2 11 30
2 12 69
2 13 7
2 14 3
2 15 43
2 16 30
2 17 61
2 18 27
2 19 99
2 20 40
2 21 2
2 22 81
2 23 48
2 24 46
2 25 86
2 26 50
2 27 0
2 28 55
2 29 65
2 30 21
2 31 25
2 32 48
2 33 7
2 34 47
2 35 84
2 36 22
2 37 97
2 38 47
2 39 74
2 40 56
2 41 34
2 42 95
2 43 97
2 44 68
3 4 4
3 5 18
3 6 68
3 7 34
3 8 42
3 9 20
3 10 74
3 11 60
3 12 40
3 13 89
3 14 81
3 15 37
3 16 63
3 17 41
3 18 54
3 19 27
3 20 60
3 21 68
3 22 10
3 23 96
3 24 7
3 25 14
3 26 46
3 27 71
3 28 22
3 29 8
3 30 35
3 31 95
3 32 68
3 33 8
3 34 11
3 35 69
3 36 97
3 37 89
3 38 98
3 39 24
3 40 99
3 41 4
3 42 25
3 43 84
3 44 70
4 5 62
4 6 82
4 7 45
4 8 58
4 9 49
4 10 62
4 11 0
4 12 75
4 13 72
4 14 47
4 15 48
4 16 59
4 17 3
4 18 55
4 19 59
4 20 20
4 21 33
4 22 15
4 23 16
4 24 85
4 25 74
4 26 20
4 27 25
4 28 83
4 29 41
4 30 62
4 31 9
4 32 25
4 33 4
4 34 9
4 35 15
4 36 3
4 37 14
4 38 13
4 39 17
4 40 30
4 41 39
4 42 41
4 43 82
4 44 19
5 6 26
5 7 36
5 8 7
5 9 24
5 10 50
5 11 2
5 12 34
5 13 5
5 14 68
5 15 90
5 16 87
5 17 86
5 18 56
5 19 63
5 20 41
5 21 32
5 22 29
5 23 12
5 24 34
5 25 36
5 26 20
5 27 70
5 28 12
5 29 85
5 30 2
5 31 3
5 32 40
5 33 21
5 34 85
5 35 61
5 36 17
5 37 90
5 38 60
5 39 22
5 40 81
5 41 82
5 42 99
5 43 43
5 44 94
6 7 81
6 8 17
6 9 25
6 10 49
6 11 72
6 12 83
6 13 23
6 14 64
6 15 33
6 16 78
6 17 94
6 18 47
6 19 94
6 20 62
6 21 74
6 22 56
6 23 30
6 24 76
6 25 68
6 26 27
6 27 23
6 28 41
6 29 51
6 30 67
6 31 46
6 32 63
6 33 68
6 34 25
6 35 55
6 36 49
6 37 93
6 38 54
6 39 27
6 40 30
6 41 92
6 42 92
6 43 24
6 44 52
7 8 9
7 9 80
7 10 99
7 11 38
7 12 6
7 13 28
7 14 84
7 15 10
7 16 95
7 17 48
7 18 30
7 19 77
7 20 97
7 21 70
7 22 32
7 23 33
7 24 84
7 25 7
7 26 81
7 27 3
7 28 90
7 29 26
7 30 60
7 31 85
7 32 57
7 33 56
7 34 11
7 35 37
7 36 0
7 37 59
7 38 34
7 39 2
7 40 41
7 41 81
7 42 66
7 43 85
7 44 7
8 9 17
8 10 43
8 11 32
8 12 39
8 13 40
8 14 1
8 15 44
8 16 43
8 17 13
8 18 23
8 19 18
8 20 8
8 21 2
8 22 64
8 23 78
8 24 48
8 25 39
8 26 19
8 27 43
8 28 0
8 29 83
8 30 7
8 31 28
8 32 19
8 33 30
8 34 2
8 35 37
8 36 6
8 37 32
8 38 30
8 39 47
8 40 9
8 41 31
8 42 73
8 43 97
8 44 27
9 10 83
9 11 36
9 12 91
9 13 72
9 14 65
9 15 81
9 16 17
9 17 56
9 18 41
9 19 26
9 20 56
9 21 35
9 22 54
9 23 33
9 24 24
9 25 18
9 26 9
9 27 90
9 28 92
9 29 24
9 30 1
9 31 89
9 32 1
9 33 13
9 34 10
9 35 80
9 36 29
9 37 70
9 38 27
9 39 99
9 40 7
9 41 78
9 42 84
9 43 27
9 44 11
10 11 24
10 12 74
10 13 96
10 14 12
10 15 0
10 16 13
10 17 28
10 18 50
10 19 93
10 20 47
10 21 77
10 22 87
10 23 40
10 24 83
10 25 74
10 26 22
10 27 26
10 28 40
10 29 67
10 30 46
10 31 77
10 32 77
10 33 89
10 34 22
10 35 1
10 36 76
10 37 59
10 38 2
10 39 33
10 40 45
10 41 31
10 42 6
10 43 96
10 44 15
11 12 5
11 13 86
11 14 31
11 15 61
11 16 76
11 17 33
11 18 68
11 19 91
11 20 33
11 21 24
11 22 1
11 23 81
11 24 47
11 25 10
11 26 93
11 27 98
11 28 53
11 29 63
11 30 0
11 31 6
11 32 53
11 33 83
11 34 57
11 35 28
11 36 80
11 37 79
11 38 8
11 39 25
11 40 36
11 41 73
11 42 77
11 43 68
11 44 45
12 13 42
12 14 38
12 15 73
12 16 27
12 17 16
12 18 21
12 19 93
12 20 40
12 21 85
12 22 49
12 23 62
12 24 94
12 25 90
12 26 4
12 27 56
12 28 37
12 29 73
12 30 45
12 31 62
12 32 23
12 33 22
12 34 81
12 35 84
12 36 55
12 37 78
12 38 82
12 39 5
12 40 78
12 41 86
12 42 30
12 43 96
12 44 38
13 14 13
13 15 74
13 16 48
13 17 66
13 18 31
13 19 55
13 20 52
13 21 92
13 22 47
13 23 1
13 24 10
13 25 61
13 26 53
13 27 13
13 28 62
13 29 18
13 30 16
13 31 1
13 32 79
13 33 64
13 34 23
13 35 94
13 36 68
13 37 51
13 38 26
13 39 30
13 40 26
13 41 11
13 42 89
13 43 21
13 44 81
14 15 13
14 16 7
14 17 46
14 18 39
14 19 28
14 20 35
14 21 71
14 22 63
14 23 58
14 24 79
14 25 61
14 26 46
14 27 13
14 28 4
14 29 94
14 30 30
14 31 18
14 32 30
14 33 26
14 34 52
14 35 61
14 36 98
14 37 21
14 38 39
14 39 39
14 40 60
14 41 48
14 42 96
14 43 35
14 44 85
15 16 53
15 17 2
15 18 39
15 19 3
15 20 92
15 21 84
15 22 92
15 23 53
15 24 82
15 25 67
15 26 95
15 27 50
15 28 52
15 29 31
15 30 32
15 31 78
15 32 71
15 33 0
15 34 45
15 35 82
15 36 86
15 37 58
15 38 9
15 39 88
15 40 70
15 41 73
15 42 93
15 43 44
15 44 29
16 17 25
16 18 27
16 19 98
16 20 21
16 21 74
16 22 79
16 23 35
16 24 51
16 25 58
16 26 48
16 27 7
16 28 83
16 29 51
16 30 46
16 31 68
16 32 0
16 33 95
16 34 1
16 35 44
16 36 53
16 37 37
16 38 70
16 39 21
16 40 74
16 41 27
16 42 38
16 43 93
16 44 98
17 18 57
17 19 59
17 20 37
17 21 64
17 22 25
17 23 40
17 24 52
17 25 3
17 26 53
17 27 21
17 28 58
17 29 40
17 30 86
17 31 19
17 32 54
17 33 63
17 34 52
17 35 98
17 36 40
17 37 87
17 38 36
17 39 48
17 40 29
17 41 7
17 42 88
17 43 75
17 44 23
18 19 73
18 20 97
18 21 11
18 22 40
18 23 87
18 24 48
18 25 49
18 26 26
18 27 55
18 28 59
18 29 7
18 30 49
18 31 14
18 32 35
18 33 30
18 34 86
18 35 90
18 36 98
18 37 35
18 38 51
18 39 89
18 40 39
18 41 34
18 42 58
18 43 2
18 44 78
19 20 76
19 21 30
19 22 78
19 23 23
19 24 36
19 25 80
19 26 81
19 27 78
19 28 57
19 29 28
19 30 52
19 31 3
19 32 21
19 33 52
19 34 2
19 35 75
19 36 22
19 37 95
19 38 16
19 39 84
19 40 21
19 41 20
19 42 29
19 43 15
19 44 58
20 21 7
20 22 51
20 23 14
20 24 99
20 25 72
20 26 75
20 27 23
20 28 82
20 29 80
20 30 53
20 31 61
20 32 93
20 33 62
20 34 72
20 35 67
20 36 1
20 37 17
20 38 63
20 39 18
20 40 71
20 41 44
20 42 38
20 43 32
20 44 16
21 22 92
21 23 98
21 24 40
21 25 0
21 26 99
21 27 32
21 28 91
21 29 31
21 30 39
21 31 99
21 32 89
21 33 84
21 34 11
21 35 31
21 36 90
21 37 78
21 38 9
21 39 31
21 40 50
21 41 62
21 42 64
21 43 88
21 44 16
22 23 89
22 24 56
22 25 97
22 26 0
22 27 77
22 28 67
22 29 2
22 30 95
22 31 57
22 32 24
22 33 56
22 34 71
22 35 71
22 36 9
22 37 82
22 38 2
22 39 62
22 40 31
22 41 12
22 42 30
22 43 10
22 44 37
23 24 45
23 25 36
23 26 65
23 27 96
23 28 33
23 29 72
23 30 36
23 31 20
23 32 92
23 33 57
23 34 31
23 35 66
23 36 10
23 37 50
23 38 51
23 39 71
23 40 67
23 41 75
23 42 56
23 43 95
23 44 0
24 25 97
24 26 74
24 27 76
24 28 28
24 29 42
24 30 94
24 31 18
24 32 37
24 33 33
24 34 53
24 35 65
24 36 16
24 37 46
24 38 71
24 39 92
24 40 28
24 41 28
24 42 2
24 43 28
24 44 99
25 26 23
25 27 27
25 28 6
25 29 6
25 30 15
25 31 26
25 32 28
25 33 38
25 34 97
25 35 43
25 36 87
25 37 61
25 38 74
25 39 35
25 40 81
25 41 89
25 42 75
25 43 31
25 44 88
26 27 38
26 28 92
26 29 62
26 30 65
26 31 46
26 32 43
26 33 29
26 34 69
26 35 8
26 36 76
26 37 38
26 38 43
26 39 43
26 40 90
26 41 33
26 42 86
26 43 8
26 44 13
27 28 87
27 29 12
27 30 83
27 31 0
27 32 86
27 33 48
27 34 39
27 35 89
27 36 87
27 37 84
27 38 91
27 39 4
27 40 45
27 41 67
27 42 79
27 43 75
27 44 6
28 29 43
28 30 63
28 31 13
28 32 25
28 33 21
28 34 69
28 35 65
28 36 66
28 37 84
28 38 37
28 39 42
28 40 84
28 41 0
28 42 13
28 43 39
28 44 68
29 30 30
29 31 96
29 32 54
29 33 80
29 34 89
29 35 29
29 36 49
29 37 9
29 38 94
29 39 21
29 40 52
29 41 39
29 42 50
29 43 43
29 44 35
30 31 3
30 32 19
30 33 47
30 34 5
30 35 9
30 36 90
30 37 28
30 38 33
30 39 43
30 40 24
30 41 4
30 42 4
30 43 76
30 44 78
31 32 47
31 33 64
31 34 76
31 35 50
31 36 12
31 37 96
31 38 15
31 39 51
31 40 12
31 41 68
31 42 2
31 43 52
31 44 10
32 33 97
32 34 85
32 35 12
32 36 26
32 37 89
32 38 22
32 39 28
32 40 53
32 41 90
32 42 31
32 43 35
32 44 44
33 34 55
33 35 77
33 36 38
33 37 0
33 38 6
33 39 22
33 40 98
33 41 2
33 42 80
33 43 85
33 44 37
34 35 16
34 36 28
34 37 30
34 38 14
34 39 33
34 40 24
34 41 59
34 42 60
34 43 44
34 44 72
35 36 10
35 37 62
35 38 96
35 39 71
35 40 89
35 41 16
35 42 41
35 43 4
35 44 22
36 37 94
36 38 40
36 39 52
36 40 4
36 41 35
36 42 98
36 43 54
36 44 12
37 38 96
37 39 82
37 40 14
37 41 60
37 42 44
37 43 9
37 44 95
38 39 97
38 40 93
38 41 43
38 42 70
38 43 60
38 44 57
39 40 91
39 41 51
39 42 13
39 43 84
39 44 9
40 41 12
40 42 57
40 43 10
40 44 30
41 42 6
41 43 87
41 44 41
42 43 53
42 44 59
43 44 4
