0 1 48
0 2 57
0 3 0
0 4 61
0 5 94
0 6 25
0 7 88
0 8 71
0 9 34
0 10 85
0 11 6
0 12 29
0 13 9
0 14 23
0 15 98
0 16 61
0 17 56
0 18 62
0 19 71
0 20 37
0 21 30
0 22 64
0 23 46
0 24 97
0 25 13
0 26 57
0 27 95
0 28 50
0 29 69
0 30 11
0 31 93
0 32 96
0 33 59
0 34 19
0 35 58
0 36 70
0 37 62
0 38 17
0 39 68
0 40 22
0 41 13
0 42 51
0 43 68
0 44 31
0 45 23
0 46 5
0 47 69
0 48 54
0 49 91
0 50 46
0 51 83
0 52 7
0 53 49
0 54 76
0 55 14
0 56 7
0 57 42
0 58 81
0 59 85
0 60 72
0 61 99
0 62 74
0 63 57
0 64 93
0 65 91
0 66 0
0 67 73
0 68 96
0 69 78
0 70 79
0 71 75
0 72 35
0 73 79
0 74 56
0 75 38
0 76 89
0 77 82
0 78 1
0 79 80
0 80 38
0 81 4
0 82 55
0 83 72
0 84 14
0 85 72
0 86 14
0 87 15
0 88 23
0 89 33
0 90 77
0 91 78
0 92 18
0 93 54
0 94 60
0 95 59
0 96 12
0 97 83
0 98 54
0 99 68
1 2 22
1 3 94
1 4 13
1 5 0
1 6 33
1 7 61
1 8 23
1 9 62
1 10 30
1 11 41
1 12 45
1 13 11
1 14 55
1 15 72
1 16 94
1 17 36
1 18 35
1 19 20
1 20 88
1 21 12
1 22 35
1 23 82
1 24 26
1 25 27
1 26 27
1 27 60
1 28 17
1 29 18
1 30 12
1 31 99
1 32 87
1 33 53
1 34 57
1 35 84
1 36 52
1 37 45
1 38 56
1 39 69
1 40 59
1 41 71
1 42 99
1 43 51
1 44 62
1 45 92
1 46 94
1 47 34
1 48 45
1 49 83
1 50 35
1 51 30
1 52 56
1 53 80
1 54 30
1 55 58
1 56 95
1 57 55
1 58 38
1 59 79
1 60 28
1 61 24
1 62 48
1 63 16
1 64 6
1 65 88
1 66 30
1 67 90
1 68 35
1 69 37
1 70 54
1 71 69
1 72 94
1 73 38
1 74 46
1 75 85
1 76 23
1 77 40
1 78 58
1 79 66
1 80 1
1 81 54
1 82 52
1 83 15
1 84 28
1 85 3
1 86 42
1 87 71
1 88 76
1 89 66
1 90 67
1 91 20
1 92 26
1 93 91
1 94 14
1 95 11
1 96 29
1 97 34
1 98 1
1 99 80
2 3 39
2 4 49
2 5 95
2 6 25
2 7 23
2 8 7
2 9 19
2 10 92
2 11 5
2 12 11
2 13 88
2 14 78
2 15 42
2 16 20
2 17 31
2 18 53
2 19 71
2 20 6
2 21 98
2 22 68
2 23 17
2 24 99
2 25 62
2 26 11
2 27 79
2 28 17
2 29 63
2 30 30
2 31 47
2 32 54
2 33 65
2 34 54
2 35 19
2 36 85
2 37 95
2 38 24
2 39 96
2 40 12
2 41 65
2 42 9
2 43 77
2 44 59
2 45 51
2 46 51
2 47 48
2 48 81
2 49 58
2 50 65
2 51 23
2 52 33
2 53 77
2 54 48
2 55 45
2 56 71
2 57 6
2 58 8
2 59 1
2 60 62
2 61 75
2 62 25
2 63 29
2 64 8
2 65 85
2 66 91
2 67 98
2 68 48
2 69 42
2 70 46
2 71 57
2 72 41
2 73 53
2 74 66
2 75 35
2 76 0
2 77 82
2 78 10
2 79 33
2 80 94
2 81 72
2 82 42
2 83 36
2 84 97
2 85 54
2 86 42
2 87 31
2 88 20
2 89 21
2 90 30
2 91 37
2 92 25
2 93 69
2 94 17
2 95 89
2 96 66
2 97 1
2 98 5
2 99 27
3 4 36
3 5 89
3 6 78
3 7 18
3 8 74
3 9 88
3 10 89
3 11 5
3 12 73
3 13 82
3 14 27
3 15 32
3 16 74
3 17 85
3 18 24
3 19 71
3 20 99
3 21 32
3 22 63
3 23 0
3 24 64
3 25 41
3 26 59
3 27 75
3 28 41
3 29 70
3 30 24
3 31 60
3 32 73
3 33 42
3 34 66
3 35 32
3 36 95
3 37 91
3 38 32
3 39 27
3 40 27
3 41 5
3 42 33
3 43 22
3 44 32
3 45 46
3 46 28
3 47 45
3 48 0
3 49 9
3 50 57
3 51 36
3 52 57
3 53 51
3 54 68
3 55 30
3 56 67
3 57 91
3 58 30
3 59 0
3 60 23
3 61 46
3 62 96
3 63 97
3 64 18
3 65 50
3 66 22
3 67 78
3 68 27
3 69 45
3 70 60
3 71 23
3 72 8
3 73 25
3 74 92
3 75 63
3 76 32
3 77 31
3 78 32
3 79 75
3 80 33
3 81 92
3 82 47
3 83 50
3 84 58
3 85 88
3 86 17
3 87 75
3 88 95
3 89 3
3 90 11
3 91 10
3 92 1
3 93 49
3 94 53
3 95 53
3 96 71
3 97 79
3 98 21
3 99 38
4 5 16
4 6 76
4 7 59
4 8 96
4 9 82
4 10 99
4 11 73
4 12 7
4 13 74
4 14 28
4 15 58
4 16 23
4 17 32
4 18 65
4 19 26
4 20 95
4 21 19
4 22 18
4 23 19
4 24 93
4 25 15
4 26 28
4 27 40
4 28 38
4 29 93
4 30 24
4 31 68
4 32 74
4 33 16
4 34 67
4 35 78
4 36 7
4 37 34
4 38 14
4 39 64
4 40 37
4 41 7
4 42 45
4 43 71
4 44 84
4 45 72
4 46 97
4 47 75
4 48 11
4 49 78
4 50 5
4 51 61
4 52 51
4 53 86
4 54 87
4 55 29
4 56 87
4 57 28
4 58 58
4 59 47
4 60 2
4 61 12
4 62 94
4 63 16
4 64 65
4 65 19
4 66 59
4 67 45
4 68 60
4 69 97
4 70 70
4 71 0
4 72 35
4 73 82
4 74 14
4 75 57
4 76 78
4 77 12
4 78 57
4 79 86
4 80 18
4 81 78
4 82 22
4 83 82
4 84 83
4 85 48
4 86 57
4 87 20
4 88 53
4 89 96
4 90 65
4 91 65
4 92 61
4 93 96
4 94 42
4 95 11
4 96 52
4 97 19
4 98 4
4 99 40
5 6 93
5 7 22
5 8 68
5 9 69
5 10 2
5 11 20
5 12 32
5 13 92
5 14 56
5 15 89
5 16 49
5 17 49
5 18 71
5 19 48
5 20 26
5 21 57
5 22 50
5 23 37
5 24 9
5 25 9
5 26 26
5 27 58
5 28 68
5 29 74
5 30 76
5 31 94
5 32 89
5 33 2
5 34 20
5 35 15
5 36 48
5 37 96
5 38 10
5 39 55
5 40 73
5 41 53
5 42 4
5 43 82
5 44 7
5 45 73
5 46 22
5 47 24
5 48 68
5 49 97
5 50 33
5 51 13
5 52 37
5 53 13
5 54 25
5 55 28
5 56 46
5 57 4
5 58 7
5 59 43
5 60 67
5 61 74
5 62 10
5 63 68
5 64 14
5 65 49
5 66 99
5 67 32
5 68 38
5 69 66
5 70 30
5 71 6
5 72 54
5 73 18
5 74 58
5 75 99
5 76 86
5 77 77
5 78 31
5 79 58
5 80 89
5 81 34
5 82 12
5 83 3
5 84 27
5 85 27
5 86 77
5 87 94
5 88 41
5 89 47
5 90 74
5 91 59
5 92 68
5 93 53
5 94 35
5 95 9
5 96 33
5 97 64
5 98 98
5 99 76
6 7 10
6 8 56
6 9 55
6 10 5
6 11 45
6 12 71
6 13 86
6 14 67
6 15 57
6 16 0
6 17 1
6 18 1
6 19 33
6 20 88
6 21 91
6 22 13
6 23 23
6 24 87
6 25 67
6 26 85
6 27 52
6 28 69
6 29 76
6 30 5
6 31 99
6 32 31
6 33 65
6 34 73
6 35 93
6 36 64
6 37 83
6 38 99
6 39 91
6 40 15
6 41 76
6 42 78
6 43 97
6 44 45
6 45 75
6 46 60
6 47 92
6 48 60
6 49 63
6 50 27
6 51 52
6 52 62
6 53 60
6 54 3
6 55 27
6 56 61
6 57 26
6 58 66
6 59 46
6 60 36
6 61 20
6 62 43
6 63 46
6 64 6
6 65 50
6 66 22
6 67 38
6 68 16
6 69 58
6 70 76
6 71 18
6 72 81
6 73 10
6 74 35
6 75 73
6 76 17
6 77 51
6 78 16
6 79 45
6 80 47
6 81 19
6 82 14
6 83 20
6 84 79
6 85 87
6 86 6
6 87 98
6 88 89
6 89 0
6 90 55
6 91 89
6 92 76
6 93 78
6 94 46
6 95 32
6 96 47
6 97 92
6 98 35
6 99 51
7 8 54
7 9 84
7 10 75
7 11 24
7 12 18
7 13 34
7 14 53
7 15 83
7 16 28
7 17 23
7 18 14
7 19 47
7 20 78
7 21 16
7 22 39
7 23 67
7 24 85
7 25 83
7 26 50
7 27 61
7 28 40
7 29 96
7 30 24
7 31 87
7 32 93
7 33 67
7 34 38
7 35 42
7 36 24
7 37 6
7 38 17
7 39 16
7 40 97
7 41 61
7 42 58
7 43 13
7 44 22
7 45 32
7 46 12
7 47 8
7 48 49
7 49 41
7 50 78
7 51 94
7 52 66
7 53 39
7 54 76
7 55 9
7 56 61
7 57 56
7 58 21
7 59 86
7 60 79
7 61 37
7 62 55
7 63 6
7 64 75
7 65 12
7 66 29
7 67 74
7 68 55
7 69 70
7 70 56
7 71 69
7 72 52
7 73 57
7 74 63
7 75 3
7 76 89
7 77 63
7 78 22
7 79 17
7 80 96
7 81 80
7 82 61
7 83 46
7 84 21
7 85 71
7 86 65
7 87 77
7 88 58
7 89 72
7 90 9
7 91 19
7 92 57
7 93 85
7 94 2
7 95 80
7 96 5
7 97 27
7 98 94
7 99 14
8 9 22
8 10 84
8 11 8
8 12 90
8 13 64
8 14 36
8 15 5
8 16 57
8 17 18
8 18 66
8 19 5
8 20 98
8 21 4
8 22 40
8 23 10
8 24 82
8 25 0
8 26 33
8 27 51
8 28 72
8 29 57
8 30 79
8 31 8
8 32 11
8 33 40
8 34 97
8 35 2
8 36 59
8 37 57
8 38 13
8 39 74
8 40 48
8 41 21
8 42 58
8 43 20
8 44 44
8 45 99
8 46 13
8 47 99
8 48 6
8 49 25
8 50 67
8 51 21
8 52 38
8 53 86
8 54 27
8 55 90
8 56 80
8 57 85
8 58 91
8 59 48
8 60 12
8 61 45
8 62 28
8 63 69
8 64 80
8 65 93
8 66 38
8 67 44
8 68 99
8 69 99
8 70 69
8 71 85
8 72 60
8 73 92
8 74 88
8 75 39
8 76 28
8 77 74
8 78 90
8 79 80
8 80 59
8 81 95
8 82 5
8 83 71
8 84 52
8 85 58
8 86 17
8 87 45
8 88 58
8 89 40
8 90 75
8 91 88
8 92 18
8 93 96
8 94 49
8 95 70
8 96 12
8 97 89
8 98 31
8 99 27
9 10 24
9 11 92
9 12 43
9 13 27
9 14 97
9 15 36
9 16 52
9 17 28
9 18 44
9 19 98
9 20 24
9 21 55
9 22 5
9 23 79
9 24 63
9 25 26
9 26 81
9 27 49
9 28 28
9 29 69
9 30 75
9 31 13
9 32 26
9 33 81
9 34 37
9 35 36
9 36 49
9 37 24
9 38 58
9 39 22
9 40 47
9 41 36
9 42 90
9 43 56
9 44 16
9 45 32
9 46 99
9 47 26
9 48 28
9 49 59
9 50 76
9 51 22
9 52 30
9 53 84
9 54 0
9 55 70
9 56 17
9 57 11
9 58 22
9 59 31
9 60 7
9 61 95
9 62 90
9 63 91
9 64 42
9 65 72
9 66 17
9 67 58
9 68 78
9 69 63
9 70 32
9 71 90
9 72 74
9 73 71
9 74 16
9 75 69
9 76 97
9 77 64
9 78 44
9 79 6
9 80 56
9 81 41
9 82 49
9 83 70
9 84 31
9 85 52
9 86 39
9 87 75
9 88 69
9 89 92
9 90 48
9 91 10
9 92 34
9 93 44
9 94 86
9 95 83
9 96 90
9 97 29
9 98 77
9 99 16
10 11 18
10 12 51
10 13 44
10 14 60
10 15 60
10 16 71
10 17 0
10 18 73
10 19 37
10 20 74
10 21 17
10 22 26
10 23 63
10 24 51
10 25 86
10 26 50
10 27 22
10 28 88
10 29 18
10 30 35
10 31 76
10 32 11
10 33 81
10 34 59
10 35 23
10 36 82
10 37 46
10 38 5
10 39 50
10 40 65
10 41 7
10 42 67
10 43 38
10 44 79
10 45 51
10 46 14
10 47 50
10 48 84
10 49 7
10 50 45
10 51 27
10 52 2
10 53 68
10 54 88
10 55 65
10 56 96
10 57 74
10 58 20
10 59 36
10 60 7
10 61 27
10 62 2
10 63 62
10 64 39
10 65 6
10 66 49
10 67 41
10 68 5
10 69 37
10 70 34
10 71 96
10 72 12
10 73 84
10 74 21
10 75 65
10 76 8
10 77 18
10 78 7
10 79 51
10 80 35
10 81 63
10 82 74
10 83 49
10 84 87
10 85 22
10 86 97
10 87 90
10 88 62
10 89 45
10 90 27
10 91 50
10 92 71
10 93 14
10 94 84
10 95 88
10 96 79
10 97 30
10 98 61
10 99 96
11 12 13
11 13 94
11 14 68
11 15 29
11 16 3
11 17 58
11 18 5
11 19 34
11 20 55
11 21 2
11 22 12
11 23 40
11 24 48
11 25 52
11 26 48
11 27 37
11 28 93
11 29 2
11 30 16
11 31 24
11 32 33
11 33 91
11 34 33
11 35 28
11 36 14
11 37 58
11 38 98
11 39 16
11 40 16
11 41 3
11 42 14
11 43 80
11 44 28
11 45 69
11 46 76
11 47 64
11 48 71
11 49 19
11 50 51
11 51 62
11 52 16
11 53 84
11 54 44
11 55 99
11 56 83
11 57 45
11 58 50
11 59 29
11 60 83
11 61 11
11 62 19
11 63 36
11 64 51
11 65 60
11 66 33
11 67 50
11 68 68
11 69 46
11 70 1
11 71 10
11 72 10
11 73 72
11 74 99
11 75 56
11 76 66
11 77 34
11 78 93
11 79 93
11 80 81
11 81 78
11 82 56
11 83 14
11 84 95
11 85 86
11 86 26
11 87 26
11 88 11
11 89 85
11 90 55
11 91 65
11 92 27
11 93 49
11 94 75
11 95 38
11 96 65
11 97 0
11 98 28
11 99 3
12 13 96
12 14 15
12 15 68
12 16 84
12 17 49
12 18 88
12 19 61
12 20 59
12 21 57
12 22 5
12 23 52
12 24 11
12 25 58
12 26 40
12 27 18
12 28 43
12 29 9
12 30 88
12 31 15
12 32 96
12 33 30
12 34 81
12 35 35
12 36 73
12 37 77
12 38 29
12 39 89
12 40 67
12 41 71
12 42 51
12 43 64
12 44 50
12 45 97
12 46 39
12 47 61
12 48 21
12 49 24
12 50 94
12 51 61
12 52 52
12 53 63
12 54 55
12 55 80
12 56 94
12 57 71
12 58 22
12 59 86
12 60 89
12 61 12
12 62 17
12 63 36
12 64 97
12 65 65
12 66 17
12 67 74
12 68 62
12 69 33
12 70 40
12 71 92
12 72 14
12 73 39
12 74 41
12 75 26
12 76 91
12 77 24
12 78 89
12 79 37
12 80 47
12 81 31
12 82 38
12 83 28
12 84 45
12 85 83
12 86 6
12 87 37
12 88 96
12 89 31
12 90 66
12 91 3
12 92 96
12 93 88
12 94 35
12 95 42
12 96 54
12 97 28
12 98 58
12 99 76
13 14 32
13 15 46
13 16 69
13 17 59
13 18 93
13 19 85
13 20 19
13 21 4
13 22 70
13 23 67
13 24 35
13 25 99
13 26 34
13 27 9
13 28 68
13 29 9
13 30 48
13 31 33
13 32 11
13 33 85
13 34 35
13 35 62
13 36 44
13 37 28
13 38 76
13 39 65
13 40 43
13 41 16
13 42 43
13 43 54
13 44 63
13 45 13
13 46 25
13 47 41
13 48 89
13 49 46
13 50 51
13 51 63
13 52 10
13 53 49
13 54 19
13 55 22
13 56 80
13 57 76
13 58 97
13 59 1
13 60 46
13 61 87
13 62 86
13 63 12
13 64 75
13 65 12
13 66 36
13 67 8
13 68 72
13 69 19
13 70 89
13 71 75
13 72 29
13 73 89
13 74 17
13 75 75
13 76 88
13 77 97
13 78 36
13 79 73
13 80 84
13 81 24
13 82 86
13 83 39
13 84 12
13 85 49
13 86 93
13 87 73
13 88 60
13 89 97
13 90 1
13 91 22
13 92 50
13 93 94
13 94 80
13 95 38
13 96 81
13 97 10
13 98 34
13 99 3
14 15 89
14 16 14
14 17 95
14 18 85
14 19 35
14 20 55
14 21 89
14 22 3
14 23 59
14 24 54
14 25 88
14 26 70
14 27 85
14 28 35
14 29 68
14 30 17
14 31 13
14 32 49
14 33 67
14 34 68
14 35 77
14 36 19
14 37 58
14 38 30
14 39 2
14 40 94
14 41 18
14 42 81
14 43 74
14 44 96
14 45 57
14 46 50
14 47 69
14 48 58
14 49 30
14 50 97
14 51 2
14 52 52
14 53 35
14 54 57
14 55 59
14 56 27
14 57 89
14 58 66
14 59 24
14 60 88
14 61 99
14 62 16
14 63 4
14 64 3
14 65 80
14 66 68
14 67 67
14 68 8
14 69 78
14 70 11
14 71 66
14 72 89
14 73 6
14 74 8
14 75 47
14 76 71
14 77 96
14 78 96
14 79 72
14 80 41
14 81 11
14 82 54
14 83 96
14 84 15
14 85 26
14 86 46
14 87 25
14 88 59
14 89 74
14 90 4
14 91 25
14 92 42
14 93 48
14 94 50
14 95 37
14 96 60
14 97 37
14 98 28
14 99 6
15 16 14
15 17 0
15 18 22
15 19 54
15 20 63
15 21 69
15 22 19
15 23 87
15 24 77
15 25 35
15 26 44
15 27 24
15 28 49
15 29 78
15 30 93
15 31 10
15 32 24
15 33 36
15 34 59
15 35 78
15 36 24
15 37 77
15 38 0
15 39 50
15 40 53
15 41 48
15 42 18
15 43 31
15 44 63
15 45 35
15 46 24
15 47 91
15 48 46
15 49 34
15 50 23
15 51 13
15 52 51
15 53 75
15 54 73
15 55 62
15 56 57
15 57 35
15 58 93
15 59 51
15 60 67
15 61 5
15 62 76
15 63 50
15 64 47
15 65 12
15 66 89
15 67 33
15 68 11
15 69 53
15 70 86
15 71 83
15 72 22
15 73 91
15 74 0
15 75 24
15 76 90
15 77 50
15 78 94
15 79 76
15 80 71
15 81 46
15 82 18
15 83 28
15 84 62
15 85 94
15 86 52
15 87 88
15 88 36
15 89 10
15 90 63
15 91 92
15 92 16
15 93 12
15 94 67
15 95 23
15 96 41
15 97 65
15 98 41
15 99 8
16 17 9
16 18 80
16 19 89
16 20 59
16 21 90
16 22 92
16 23 98
16 24 49
16 25 64
16 26 33
16 27 73
16 28 30
16 29 74
16 30 85
16 31 88
16 32 62
16 33 20
16 34 85
16 35 61
16 36 48
16 37 41
16 38 7
16 39 57
16 40 66
16 41 99
16 42 20
16 43 13
16 44 92
16 45 98
16 46 25
16 47 54
16 48 73
16 49 92
16 50 7
16 51 12
16 52 77
16 53 86
16 54 93
16 55 7
16 56 57
16 57 51
16 58 0
16 59 39
16 60 74
16 61 6
16 62 82
16 63 92
16 64 21
16 65 0
16 66 84
16 67 8
16 68 58
16 69 89
16 70 95
16 71 47
16 72 74
16 73 19
16 74 69
16 75 1
16 76 62
16 77 30
16 78 43
16 79 50
16 80 47
16 81 30
16 82 83
16 83 51
16 84 53
16 85 44
16 86 94
16 87 67
16 88 88
16 89 33
16 90 55
16 91 48
16 92 43
16 93 68
16 94 41
16 95 93
16 96 53
16 97 89
16 98 27
16 99 98
17 18 94
17 19 93
17 20 59
17 21 40
17 22 67
17 23 19
17 24 30
17 25 65
17 26 88
17 27 8
17 28 25
17 29 35
17 30 75
17 31 55
17 32 37
17 33 17
17 34 76
17 35 52
17 36 14
17 37 49
17 38 76
17 39 52
17 40 22
17 41 6
17 42 11
17 43 1
17 44 63
17 45 76
17 46 47
17 47 51
17 48 20
17 49 64
17 50 95
17 51 34
17 52 34
17 53 41
17 54 10
17 55 2
17 56 83
17 57 14
17 58 92
17 59 22
17 60 65
17 61 81
17 62 85
17 63 37
17 64 88
17 65 83
17 66 68
17 67 63
17 68 98
17 69 1
17 70 27
17 71 66
17 72 1
17 73 89
17 74 27
17 75 25
17 76 82
17 77 77
17 78 84
17 79 13
17 80 14
17 81 3
17 82 58
17 83 99
17 84 4
17 85 42
17 86 44
17 87 65
17 88 38
17 89 74
17 90 82
17 91 73
17 92 18
17 93 77
17 94 77
17 95 61
17 96 7
17 97 39
17 98 68
17 99 67
18 19 55
18 20 62
18 21 80
18 22 70
18 23 45
18 24 35
18 25 45
18 26 36
18 27 73
18 28 84
18 29 14
18 30 21
18 31 58
18 32 28
18 33 43
18 34 71
18 35 91
18 36 9
18 37 1
18 38 77
18 39 45
18 40 8
18 41 89
18 42 80
18 43 32
18 44 19
18 45 86
18 46 46
18 47 57
18 48 79
18 49 68
18 50 64
18 51 55
18 52 30
18 53 96
18 54 81
18 55 62
18 56 73
18 57 70
18 58 28
18 59 45
18 60 44
18 61 64
18 62 32
18 63 88
18 64 10
18 65 4
18 66 52
18 67 24
18 68 83
18 69 61
18 70 42
18 71 53
18 72 50
18 73 13
18 74 41
18 75 52
18 76 70
18 77 26
18 78 17
18 79 45
18 80 87
18 81 66
18 82 59
18 83 72
18 84 7
18 85 34
18 86 89
18 87 68
18 88 59
18 89 41
18 90 12
18 91 29
18 92 37
18 93 25
18 94 58
18 95 15
18 96 13
18 97 92
18 98 34
18 99 97
19 20 1
19 21 21
19 22 55
19 23 71
19 24 43
19 25 27
19 26 73
19 27 14
19 28 9
19 29 84
19 30 14
19 31 38
19 32 35
19 33 44
19 34 49
19 35 61
19 36 26
19 37 77
19 38 61
19 39 28
19 40 83
19 41 99
19 42 89
19 43 81
19 44 7
19 45 73
19 46 51
19 47 34
19 48 61
19 49 75
19 50 86
19 51 28
19 52 61
19 53 43
19 54 30
19 55 12
19 56 24
19 57 89
19 58 74
19 59 22
19 60 50
19 61 53
19 62 58
19 63 67
19 64 20
19 65 27
19 66 98
19 67 38
19 68 51
19 69 45
19 70 26
19 71 87
19 72 72
19 73 24
19 74 63
19 75 34
19 76 41
19 77 49
19 78 55
19 79 42
19 80 81
19 81 5
19 82 2
19 83 1
19 84 22
19 85 29
19 86 57
19 87 12
19 88 0
19 89 50
19 90 24
19 91 87
19 92 90
19 93 65
19 94 66
19 95 0
19 96 11
19 97 16
19 98 70
19 99 83
20 21 99
20 22 29
20 23 76
20 24 17
20 25 71
20 26 64
20 27 55
20 28 96
20 29 82
20 30 29
20 31 72
20 32 98
20 33 88
20 34 23
20 35 53
20 36 34
20 37 4
20 38 55
20 39 32
20 40 59
20 41 28
20 42 79
20 43 42
20 44 67
20 45 11
20 46 69
20 47 70
20 48 60
20 49 82
20 50 84
20 51 62
20 52 13
20 53 31
20 54 10
20 55 75
20 56 68
20 57 2
20 58 13
20 59 89
20 60 20
20 61 5
20 62 45
20 63 90
20 64 85
20 65 95
20 66 15
20 67 89
20 68 0
20 69 50
20 70 47
20 71 83
20 72 9
20 73 93
20 74 61
20 75 38
20 76 30
20 77 6
20 78 48
20 79 25
20 80 16
20 81 63
20 82 15
20 83 75
20 84 77
20 85 33
20 86 9
20 87 56
20 88 79
20 89 90
20 90 27
20 91 50
20 92 54
20 93 5
20 94 25
20 95 52
20 96 27
20 97 74
20 98 71
20 99 35
21 22 71
21 23 17
21 24 24
21 25 48
21 26 98
21 27 0
21 28 56
21 29 17
21 30 56
21 31 12
21 32 7
21 33 64
21 34 64
21 35 78
21 36 83
21 37 22
21 38 6
21 39 81
21 40 22
21 41 99
21 42 70
21 43 54
21 44 1
21 45 1
21 46 42
21 47 5
21 48 10
21 49 89
21 50 22
21 51 94
21 52 38
21 53 32
21 54 91
21 55 67
21 56 47
21 57 44
21 58 16
21 59 56
21 60 47
21 61 88
21 62 72
21 63 32
21 64 82
21 65 9
21 66 16
21 67 28
21 68 99
21 69 78
21 70 77
21 71 10
21 72 27
21 73 84
21 74 1
21 75 92
21 76 65
21 77 28
21 78 67
21 79 91
21 80 3
21 81 33
21 82 19
21 83 69
21 84 45
21 85 25
21 86 55
21 87 29
21 88 21
21 89 26
21 90 56
21 91 31
21 92 95
21 93 41
21 94 31
21 95 83
21 96 71
21 97 22
21 98 94
21 99 28
22 23 13
22 24 27
22 25 76
22 26 46
22 27 39
22 28 85
22 29 15
22 30 5
22 31 79
22 32 94
22 33 27
22 34 44
22 35 77
22 36 63
22 37 20
22 38 16
22 39 48
22 40 58
22 41 40
22 42 25
22 43 63
22 44 72
22 45 11
22 46 35
22 47 38
22 48 4
22 49 63
22 50 71
22 51 0
22 52 43
22 53 26
22 54 86
22 55 88
22 56 37
22 57 46
22 58 17
22 59 61
22 60 43
22 61 54
22 62 61
22 63 84
22 64 12
22 65 97
22 66 83
22 67 18
22 68 17
22 69 46
22 70 99
22 71 18
22 72 88
22 73 17
22 74 4
22 75 64
22 76 29
22 77 70
22 78 59
22 79 75
22 80 3
22 81 7
22 82 73
22 83 67
22 84 56
22 85 79
22 86 77
22 87 3
22 88 21
22 89 15
22 90 10
22 91 52
22 92 97
22 93 43
22 94 82
22 95 89
22 96 15
22 97 4
22 98 46
22 99 74
23 24 49
23 25 16
23 26 22
23 27 38
23 28 91
23 29 39
23 30 30
23 31 82
23 32 21
23 33 68
23 34 62
23 35 94
23 36 98
23 37 95
23 38 25
23 39 39
23 40 40
23 41 52
23 42 73
23 43 30
23 44 4
23 45 51
23 46 55
23 47 73
23 48 70
23 49 78
23 50 52
23 51 98
23 52 12
23 53 34
23 54 81
23 55 64
23 56 57
23 57 69
23 58 6
23 59 76
23 60 1
23 61 40
23 62 12
23 63 78
23 64 12
23 65 72
23 66 48
23 67 4
23 68 52
23 69 98
23 70 80
23 71 91
23 72 64
23 73 58
23 74 21
23 75 77
23 76 33
23 77 18
23 78 29
23 79 5
23 80 74
23 81 90
23 82 15
23 83 65
23 84 64
23 85 4
23 86 6
23 87 16
23 88 24
23 89 8
23 90 9
23 91 42
23 92 35
23 93 62
23 94 66
23 95 26
23 96 47
23 97 43
23 98 24
23 99 82
24 25 98
24 26 5
24 27 18
24 28 72
24 29 16
24 30 82
24 31 71
24 32 46
24 33 59
24 34 72
24 35 41
24 36 59
24 37 40
24 38 35
24 39 60
24 40 55
24 41 27
24 42 12
24 43 43
24 44 56
24 45 53
24 46 89
24 47 10
24 48 67
24 49 6
24 50 75
24 51 11
24 52 17
24 53 87
24 54 36
24 55 16
24 56 34
24 57 18
24 58 86
24 59 63
24 60 73
24 61 9
24 62 79
24 63 46
24 64 62
24 65 35
24 66 12
24 67 49
24 68 51
24 69 26
24 70 92
24 71 64
24 72 86
24 73 44
24 74 37
24 75 55
24 76 41
24 77 96
24 78 8
24 79 81
24 80 77
24 81 56
24 82 36
24 83 58
24 84 71
24 85 50
24 86 12
24 87 58
24 88 55
24 89 73
24 90 53
24 91 37
24 92 38
24 93 12
24 94 87
24 95 11
24 96 26
24 97 84
24 98 92
24 99 77
25 26 16
25 27 99
25 28 17
25 29 22
25 30 77
25 31 60
25 32 93
25 33 27
25 34 90
25 35 41
25 36 5
25 37 12
25 38 65
25 39 43
25 40 4
25 41 11
25 42 30
25 43 4
25 44 98
25 45 49
25 46 23
25 47 42
25 48 32
25 49 55
25 50 33
25 51 1
25 52 27
25 53 16
25 54 49
25 55 13
25 56 90
25 57 14
25 58 3
25 59 70
25 60 14
25 61 89
25 62 14
25 63 24
25 64 64
25 65 91
25 66 48
25 67 74
25 68 3
25 69 84
25 70 23
25 71 16
25 72 30
25 73 85
25 74 95
25 75 72
25 76 34
25 77 15
25 78 84
25 79 10
25 80 7
25 81 37
25 82 47
25 83 67
25 84 99
25 85 64
25 86 45
25 87 88
25 88 91
25 89 42
25 90 82
25 91 69
25 92 23
25 93 65
25 94 19
25 95 65
25 96 6
25 97 35
25 98 62
25 99 32
26 27 80
26 28 91
26 29 98
26 30 73
26 31 73
26 32 73
26 33 90
26 34 39
26 35 77
26 36 35
26 37 28
26 38 8
26 39 70
26 40 89
26 41 79
26 42 22
26 43 4
26 44 75
26 45 87
26 46 19
26 47 2
26 48 88
26 49 64
26 50 37
26 51 52
26 52 50
26 53 54
26 54 68
26 55 62
26 56 5
26 57 57
26 58 5
26 59 25
26 60 83
26 61 11
26 62 48
26 63 15
26 64 35
26 65 83
26 66 6
26 67 93
26 68 57
26 69 71
26 70 28
26 71 47
26 72 20
26 73 51
26 74 37
26 75 67
26 76 0
26 77 27
26 78 97
26 79 22
26 80 93
26 81 27
26 82 51
26 83 79
26 84 66
26 85 8
26 86 78
26 87 41
26 88 71
26 89 98
26 90 65
26 91 60
26 92 86
26 93 81
26 94 64
26 95 40
26 96 96
26 97 28
26 98 0
26 99 27
27 28 61
27 29 45
27 30 14
27 31 39
27 32 7
27 33 1
27 34 51
27 35 48
27 36 67
27 37 30
27 38 33
27 39 57
27 40 38
27 41 35
27 42 77
27 43 24
27 44 50
27 45 30
27 46 95
27 47 74
27 48 40
27 49 68
27 50 63
27 51 21
27 52 76
27 53 8
27 54 45
27 55 73
27 56 18
27 57 58
27 58 69
27 59 11
27 60 80
27 61 64
27 62 12
27 63 85
27 64 13
27 65 49
27 66 26
27 67 78
27 68 48
27 69 2
27 70 35
27 71 41
27 72 23
27 73 89
27 74 47
27 75 30
27 76 46
27 77 35
27 78 49
27 79 68
27 80 53
27 81 45
27 82 21
27 83 59
27 84 31
27 85 38
27 86 93
27 87 68
27 88 12
27 89 45
27 90 33
27 91 13
27 92 21
27 93 88
27 94 66
27 95 52
27 96 4
27 97 8
27 98 23
27 99 9
28 29 70
28 30 9
28 31 17
28 32 39
28 33 1
28 34 49
28 35 67
28 36 94
28 37 61
28 38 17
28 39 29
28 40 11
28 41 90
28 42 95
28 43 18
28 44 19
28 45 4
28 46 92
28 47 14
28 48 92
28 49 19
28 50 67
28 51 11
28 52 66
28 53 32
28 54 80
28 55 50
28 56 53
28 57 66
28 58 47
28 59 34
28 60 28
28 61 43
28 62 84
28 63 85
28 64 85
28 65 73
28 66 85
28 67 35
28 68 9
28 69 72
28 70 87
28 71 65
28 72 7
28 73 59
28 74 22
28 75 82
28 76 88
28 77 9
28 78 69
28 79 52
28 80 70
28 81 0
28 82 50
28 83 92
28 84 62
28 85 18
28 86 92
28 87 23
28 88 42
28 89 78
28 90 99
28 91 12
28 92 42
28 93 21
28 94 95
28 95 54
28 96 80
28 97 5
28 98 22
28 99 44
29 30 50
29 31 94
29 32 25
29 33 40
29 34 29
29 35 22
29 36 70
29 37 70
29 38 92
29 39 90
29 40 52
29 41 88
29 42 15
29 43 50
29 44 58
29 45 69
29 46 6
29 47 7
29 48 76
29 49 86
29 50 34
29 51 68
29 52 42
29 53 93
29 54 1
29 55 15
29 56 59
29 57 86
29 58 62
29 59 56
29 60 65
29 61 48
29 62 51
29 63 53
29 64 22
29 65 2
29 66 7
29 67 39
29 68 90
29 69 7
29 70 1
29 71 68
29 72 50
29 73 78
29 74 81
29 75 34
29 76 81
29 77 12
29 78 49
29 79 40
29 80 63
29 81 87
29 82 9
29 83 29
29 84 77
29 85 41
29 86 6
29 87 96
29 88 99
29 89 47
29 90 8
29 91 29
29 92 53
29 93 34
29 94 84
29 95 62
29 96 36
29 97 64
29 98 74
29 99 44
30 31 44
30 32 35
30 33 4
30 34 26
30 35 44
30 36 20
30 37 82
30 38 44
30 39 45
30 40 53
30 41 26
30 42 26
30 43 96
30 44 1
30 45 36
30 46 7
30 47 35
30 48 31
30 49 27
30 50 58
30 51 84
30 52 44
30 53 69
30 54 91
30 55 5
30 56 12
30 57 19
30 58 78
30 59 1
30 60 66
30 61 98
30 62 68
30 63 16
30 64 31
30 65 59
30 66 79
30 67 33
30 68 5
30 69 20
30 70 7
30 71 19
30 72 40
30 73 88
30 74 97
30 75 46
30 76 99
30 77 73
30 78 2
30 79 57
30 80 95
30 81 46
30 82 86
30 83 51
30 84 91
30 85 29
30 86 87
30 87 3
30 88 66
30 89 32
30 90 33
30 91 94
30 92 70
30 93 54
30 94 54
30 95 6
30 96 41
30 97 16
30 98 47
30 99 87
31 32 48
31 33 4
31 34 38
31 35 12
31 36 85
31 37 82
31 38 3
31 39 56
31 40 19
31 41 82
31 42 26
31 43 57
31 44 9
31 45 21
31 46 81
31 47 83
31 48 44
31 49 11
31 50 32
31 51 88
31 52 70
31 53 79
31 54 0
31 55 27
31 56 98
31 57 29
31 58 69
31 59 15
31 60 31
31 61 98
31 62 17
31 63 47
31 64 79
31 65 3
31 66 27
31 67 0
31 68 21
31 69 14
31 70 89
31 71 56
31 72 35
31 73 73
31 74 67
31 75 60
31 76 62
31 77 79
31 78 7
31 79 16
31 80 57
31 81 88
31 82 16
31 83 8
31 84 14
31 85 31
31 86 39
31 87 60
31 88 55
31 89 77
31 90 97
31 91 3
31 92 48
31 93 9
31 94 45
31 95 57
31 96 41
31 97 22
31 98 91
31 99 56
32 33 81
32 34 25
32 35 49
32 36 43
32 37 61
32 38 89
32 39 79
32 40 68
32 41 55
32 42 54
32 43 9
32 44 28
32 45 60
32 46 8
32 47 32
32 48 78
32 49 85
32 50 22
32 51 3
32 52 93
32 53 26
32 54 45
32 55 49
32 56 38
32 57 51
32 58 47
32 59 98
32 60 16
32 61 44
32 62 95
32 63 54
32 64 61
32 65 63
32 66 67
32 67 57
32 68 23
32 69 58
32 70 3
32 71 75
32 72 22
32 73 87
32 74 56
32 75 86
32 76 19
32 77 63
32 78 62
32 79 78
32 80 62
32 81 80
32 82 38
32 83 32
32 84 82
32 85 90
32 86 12
32 87 5
32 88 49
32 89 99
32 90 54
32 91 56
32 92 57
32 93 65
32 94 13
32 95 52
32 96 36
32 97 0
32 98 20
32 99 57
33 34 28
33 35 22
33 36 34
33 37 80
33 38 17
33 39 74
33 40 84
33 41 2
33 42 19
33 43 60
33 44 14
33 45 26
33 46 97
33 47 33
33 48 43
33 49 2
33 50 13
33 51 93
33 52 65
33 53 90
33 54 56
33 55 30
33 56 45
33 57 97
33 58 41
33 59 54
33 60 12
33 61 97
33 62 93
33 63 69
33 64 99
33 65 12
33 66 99
33 67 56
33 68 3
33 69 0
33 70 52
33 71 58
33 72 96
33 73 30
33 74 26
33 75 77
33 76 88
33 77 2
33 78 63
33 79 66
33 80 9
33 81 49
33 82 74
33 83 68
33 84 29
33 85 82
33 86 44
33 87 58
33 88 48
33 89 83
33 90 1
33 91 14
33 92 81
33 93 77
33 94 3
33 95 34
33 96 57
33 97 77
33 98 74
33 99 68
34 35 32
34 36 74
34 37 18
34 38 15
34 39 98
34 40 77
34 41 43
34 42 61
34 43 2
34 44 22
34 45 88
34 46 38
34 47 42
34 48 43
34 49 2
34 50 24
34 51 73
34 52 34
34 53 60
34 54 25
34 55 30
34 56 13
34 57 86
34 58 14
34 59 20
34 60 83
34 61 81
34 62 32
34 63 99
34 64 3
34 65 17
34 66 12
34 67 99
34 68 76
34 69 27
34 70 20
34 71 18
34 72 84
34 73 39
34 74 59
34 75 55
34 76 35
34 77 2
34 78 78
34 79 25
34 80 89
34 81 80
34 82 25
34 83 84
34 84 49
34 85 36
34 86 54
34 87 85
34 88 95
34 89 81
34 90 3
34 91 44
34 92 61
34 93 57
34 94 66
34 95 34
34 96 71
34 97 30
34 98 64
34 99 19
35 36 18
35 37 9
35 38 42
35 39 66
35 40 58
35 41 17
35 42 24
35 43 73
35 44 93
35 45 95
35 46 32
35 47 86
35 48 0
35 49 51
35 50 74
35 51 77
35 52 97
35 53 82
35 54 11
35 55 87
35 56 95
35 57 97
35 58 27
35 59 57
35 60 72
35 61 25
35 62 62
35 63 87
35 64 49
35 65 69
35 66 45
35 67 30
35 68 75
35 69 98
35 70 96
35 71 45
35 72 86
35 73 90
35 74 66
35 75 74
35 76 6
35 77 56
35 78 10
35 79 64
35 80 83
35 81 10
35 82 13
35 83 92
35 84 36
35 85 59
35 86 86
35 87 98
35 88 15
35 89 39
35 90 20
35 91 17
35 92 72
35 93 24
35 94 82
35 95 48
35 96 4
35 97 30
35 98 58
35 99 26
36 37 45
36 38 41
36 39 92
36 40 58
36 41 34
36 42 82
36 43 47
36 44 18
36 45 16
36 46 18
36 47 8
36 48 0
36 49 10
36 50 81
36 51 97
36 52 79
36 53 15
36 54 67
36 55 7
36 56 63
36 57 63
36 58 57
36 59 9
36 60 95
36 61 52
36 62 27
36 63 63
36 64 48
36 65 97
36 66 60
36 67 16
36 68 15
36 69 15
36 70 45
36 71 16
36 72 51
36 73 26
36 74 10
36 75 26
36 76 32
36 77 84
36 78 3
36 79 53
36 80 36
36 81 65
36 82 69
36 83 47
36 84 19
36 85 21
36 86 47
36 87 84
36 88 3
36 89 78
36 90 29
36 91 47
36 92 9
36 93 66
36 94 62
36 95 41
36 96 74
36 97 36
36 98 32
36 99 4
37 38 98
37 39 28
37 40 67
37 41 25
37 42 68
37 43 5
37 44 31
37 45 24
37 46 79
37 47 62
37 48 68
37 49 30
37 50 23
37 51 41
37 52 94
37 53 55
37 54 28
37 55 66
37 56 49
37 57 18
37 58 87
37 59 63
37 60 14
37 61 2
37 62 53
37 63 98
37 64 3
37 65 72
37 66 29
37 67 62
37 68 81
37 69 75
37 70 65
37 71 90
37 72 9
37 73 44
37 74 91
37 75 1
37 76 70
37 77 77
37 78 20
37 79 19
37 80 37
37 81 84
37 82 67
37 83 61
37 84 21
37 85 52
37 86 97
37 87 29
37 88 21
37 89 9
37 90 0
37 91 62
37 92 82
37 93 26
37 94 5
37 95 21
37 96 2
37 97 32
37 98 35
37 99 65
38 39 1
38 40 98
38 41 64
38 42 96
38 43 3
38 44 40
38 45 27
38 46 81
38 47 38
38 48 7
38 49 17
38 50 0
38 51 0
38 52 73
38 53 32
38 54 30
38 55 49
38 56 40
38 57 31
38 58 86
38 59 20
38 60 82
38 61 49
38 62 8
38 63 43
38 64 38
38 65 77
38 66 59
38 67 4
38 68 83
38 69 43
38 70 91
38 71 23
38 72 94
38 73 39
38 74 19
38 75 94
38 76 89
38 77 22
38 78 1
38 79 78
38 80 35
38 81 72
38 82 65
38 83 29
38 84 9
38 85 9
38 86 79
38 87 34
38 88 55
38 89 13
38 90 80
38 91 26
38 92 24
38 93 48
38 94 19
38 95 35
38 96 73
38 97 98
38 98 84
38 99 23
39 40 96
39 41 23
39 42 5
39 43 43
39 44 78
39 45 67
39 46 66
39 47 7
39 48 35
39 49 22
39 50 93
39 51 9
39 52 51
39 53 92
39 54 36
39 55 21
39 56 77
39 57 40
39 58 33
39 59 97
39 60 38
39 61 39
39 62 51
39 63 39
39 64 74
39 65 84
39 66 14
39 67 43
39 68 54
39 69 82
39 70 45
39 71 47
39 72 70
39 73 12
39 74 86
39 75 17
39 76 59
39 77 41
39 78 92
39 79 60
39 80 28
39 81 87
39 82 37
39 83 65
39 84 95
39 85 61
39 86 86
39 87 6
39 88 14
39 89 60
39 90 69
39 91 79
39 92 86
39 93 89
39 94 80
39 95 14
39 96 38
39 97 84
39 98 46
39 99 77
40 41 37
40 42 40
40 43 63
40 44 29
40 45 6
40 46 55
40 47 79
40 48 46
40 49 77
40 50 30
40 51 82
40 52 64
40 53 91
40 54 20
40 55 64
40 56 72
40 57 24
40 58 89
40 59 68
40 60 55
40 61 40
40 62 76
40 63 89
40 64 39
40 65 73
40 66 72
40 67 25
40 68 35
40 69 38
40 70 80
40 71 77
40 72 38
40 73 22
40 74 94
40 75 26
40 76 53
40 77 70
40 78 88
40 79 74
40 80 58
40 81 34
40 82 13
40 83 7
40 84 59
40 85 99
40 86 23
40 87 7
40 88 1
40 89 33
40 90 20
40 91 36
40 92 76
40 93 66
40 94 42
40 95 33
40 96 5
40 97 88
40 98 71
40 99 83
41 42 65
41 43 37
41 44 99
41 45 17
41 46 47
41 47 85
41 48 35
41 49 51
41 50 14
41 51 40
41 52 55
41 53 68
41 54 43
41 55 47
41 56 34
41 57 82
41 58 20
41 59 82
41 60 47
41 61 31
41 62 77
41 63 95
41 64 71
41 65 75
41 66 21
41 67 73
41 68 72
41 69 54
41 70 16
41 71 87
41 72 87
41 73 95
41 74 60
41 75 1
41 76 11
41 77 88
41 78 42
41 79 62
41 80 17
41 81 33
41 82 7
41 83 87
41 84 34
41 85 17
41 86 49
41 87 97
41 88 11
41 89 53
41 90 48
41 91 45
41 92 42
41 93 13
41 94 32
41 95 11
41 96 66
41 97 78
41 98 43
41 99 17
42 43 62
42 44 82
42 45 58
42 46 72
42 47 51
42 48 59
42 49 30
42 50 34
42 51 53
42 52 55
42 53 96
42 54 19
42 55 46
42 56 46
42 57 37
42 58 90
42 59 25
42 60 28
42 61 90
42 62 16
42 63 84
42 64 90
42 65 37
42 66 65
42 67 73
42 68 85
42 69 91
42 70 13
42 71 25
42 72 79
42 73 68
42 74 34
42 75 94
42 76 18
42 77 57
42 78 41
42 79 87
42 80 89
42 81 53
42 82 51
42 83 63
42 84 56
42 85 85
42 86 29
42 87 62
42 88 84
42 89 38
42 90 62
42 91 99
42 92 48
42 93 23
42 94 22
42 95 64
42 96 84
42 97 96
42 98 37
42 99 63
43 44 15
43 45 70
43 46 10
43 47 60
43 48 25
43 49 60
43 50 58
43 51 58
43 52 68
43 53 88
43 54 97
43 55 16
43 56 64
43 57 69
43 58 43
43 59 10
43 60 88
43 61 88
43 62 33
43 63 85
43 64 74
43 65 74
43 66 16
43 67 7
43 68 51
43 69 16
43 70 99
43 71 23
43 72 27
43 73 12
43 74 93
43 75 64
43 76 43
43 77 23
43 78 28
43 79 18
43 80 84
43 81 69
43 82 38
43 83 4
43 84 4
43 85 86
43 86 78
43 87 27
43 88 29
43 89 92
43 90 47
43 91 31
43 92 82
43 93 56
43 94 82
43 95 12
43 96 70
43 97 48
43 98 19
43 99 29
44 45 98
44 46 60
44 47 45
44 48 66
44 49 45
44 50 79
44 51 54
44 52 1
44 53 66
44 54 35
44 55 31
44 56 55
44 57 29
44 58 83
44 59 67
44 60 48
44 61 52
44 62 9
44 63 96
44 64 81
44 65 25
44 66 71
44 67 51
44 68 9
44 69 86
44 70 59
44 71 20
44 72 25
44 73 21
44 74 68
44 75 90
44 76 1
44 77 11
44 78 32
44 79 43
44 80 47
44 81 93
44 82 69
44 83 44
44 84 86
44 85 5
44 86 14
44 87 49
44 88 93
44 89 82
44 90 56
44 91 99
44 92 12
44 93 35
44 94 65
44 95 96
44 96 92
44 97 43
44 98 21
44 99 80
45 46 82
45 47 77
45 48 6
45 49 27
45 50 39
45 51 67
45 52 95
45 53 31
45 54 93
45 55 16
45 56 78
45 57 8
45 58 17
45 59 86
45 60 99
45 61 65
45 62 74
45 63 0
45 64 36
45 65 85
45 66 62
45 67 17
45 68 86
45 69 16
45 70 68
45 71 39
45 72 62
45 73 75
45 74 52
45 75 5
45 76 70
45 77 36
45 78 28
45 79 93
45 80 81
45 81 96
45 82 29
45 83 92
45 84 48
45 85 18
45 86 48
45 87 83
45 88 88
45 89 93
45 90 12
45 91 20
45 92 47
45 93 2
45 94 44
45 95 44
45 96 73
45 97 0
45 98 15
45 99 91
46 47 71
46 48 76
46 49 83
46 50 94
46 51 28
46 52 44
46 53 24
46 54 28
46 55 59
46 56 90
46 57 97
46 58 45
46 59 44
46 60 16
46 61 0
46 62 89
46 63 14
46 64 51
46 65 8
46 66 25
46 67 14
46 68 59
46 69 66
46 70 46
46 71 84
46 72 78
46 73 26
46 74 52
46 75 22
46 76 57
46 77 77
46 78 29
46 79 45
46 80 26
46 81 72
46 82 23
46 83 92
46 84 64
46 85 44
46 86 93
46 87 22
46 88 95
46 89 78
46 90 97
46 91 91
46 92 53
46 93 14
46 94 6
46 95 73
46 96 53
46 97 55
46 98 61
46 99 30
47 48 8
47 49 80
47 50 34
47 51 63
47 52 29
47 53 83
47 54 4
47 55 53
47 56 4
47 57 59
47 58 37
47 59 40
47 60 6
47 61 47
47 62 53
47 63 58
47 64 37
47 65 67
47 66 58
47 67 93
47 68 44
47 69 5
47 70 96
47 71 92
47 72 53
47 73 52
47 74 20
47 75 37
47 76 40
47 77 10
47 78 68
47 79 3
47 80 39
47 81 24
47 82 73
47 83 9
47 84 36
47 85 4
47 86 57
47 87 15
47 88 31
47 89 34
47 90 32
47 91 79
47 92 47
47 93 52
47 94 0
47 95 90
47 96 28
47 97 14
47 98 64
47 99 14
48 49 68
48 50 84
48 51 95
48 52 73
48 53 56
48 54 14
48 55 50
48 56 22
48 57 16
48 58 83
48 59 96
48 60 79
48 61 50
48 62 90
48 63 51
48 64 87
48 65 18
48 66 29
48 67 62
48 68 40
48 69 28
48 70 31
48 71 85
48 72 60
48 73 36
48 74 5
48 75 34
48 76 47
48 77 87
48 78 55
48 79 39
48 80 79
48 81 94
48 82 55
48 83 53
48 84 53
48 85 97
48 86 22
48 87 78
48 88 32
48 89 83
48 90 64
48 91 82
48 92 12
48 93 84
48 94 35
48 95 93
48 96 97
48 97 93
48 98 27
48 99 62
49 50 86
49 51 11
49 52 45
49 53 31
49 54 78
49 55 6
49 56 74
49 57 26
49 58 98
49 59 99
49 60 99
49 61 91
49 62 75
49 63 48
49 64 27
49 65 96
49 66 4
49 67 30
49 68 92
49 69 65
49 70 42
49 71 76
49 72 10
49 73 12
49 74 38
49 75 55
49 76 87
49 77 41
49 78 53
49 79 88
49 80 67
49 81 11
49 82 59
49 83 40
49 84 67
49 85 13
49 86 56
49 87 8
49 88 57
49 89 72
49 90 54
49 91 65
49 92 37
49 93 56
49 94 54
49 95 6
49 96 52
49 97 10
49 98 40
49 99 2
50 51 97
50 52 32
50 53 6
50 54 65
50 55 21
50 56 55
50 57 45
50 58 85
50 59 14
50 60 77
50 61 20
50 62 61
50 63 15
50 64 89
50 65 6
50 66 97
50 67 44
50 68 67
50 69 48
50 70 39
50 71 30
50 72 43
50 73 73
50 74 65
50 75 42
50 76 2
50 77 24
50 78 0
50 79 90
50 80 32
50 81 5
50 82 24
50 83 52
50 84 77
50 85 87
50 86 66
50 87 29
50 88 6
50 89 30
50 90 99
50 91 6
50 92 64
50 93 97
50 94 42
50 95 54
50 96 46
50 97 44
50 98 95
50 99 17
51 52 16
51 53 21
51 54 34
51 55 59
51 56 28
51 57 75
51 58 78
51 59 56
51 60 19
51 61 15
51 62 13
51 63 52
51 64 78
51 65 29
51 66 28
51 67 54
51 68 20
51 69 7
51 70 19
51 71 10
51 72 65
51 73 31
51 74 52
51 75 5
51 76 86
51 77 9
51 78 99
51 79 48
51 80 25
51 81 45
51 82 0
51 83 10
51 84 53
51 85 41
51 86 41
51 87 29
51 88 67
51 89 72
51 90 77
51 91 37
51 92 5
51 93 28
51 94 41
51 95 90
51 96 50
51 97 98
51 98 35
51 99 22
52 53 24
52 54 23
52 55 98
52 56 2
52 57 54
52 58 45
52 59 52
52 60 83
52 61 31
52 62 52
52 63 98
52 64 85
52 65 69
52 66 56
52 67 15
52 68 35
52 69 44
52 70 40
52 71 73
52 72 34
52 73 52
52 74 27
52 75 69
52 76 85
52 77 46
52 78 49
52 79 99
52 80 9
52 81 15
52 82 25
52 83 2
52 84 40
52 85 12
52 86 95
52 87 16
52 88 45
52 89 94
52 90 28
52 91 64
52 92 16
52 93 89
52 94 25
52 95 69
52 96 44
52 97 91
52 98 69
52 99 73
53 54 41
53 55 27
53 56 57
53 57 95
53 58 43
53 59 0
53 60 10
53 61 1
53 62 80
53 63 29
53 64 43
53 65 84
53 66 68
53 67 86
53 68 63
53 69 88
53 70 29
53 71 60
53 72 75
53 73 46
53 74 31
53 75 27
53 76 49
53 77 51
53 78 36
53 79 0
53 80 30
53 81 94
53 82 75
53 83 70
53 84 13
53 85 79
53 86 5
53 87 56
53 88 8
53 89 24
53 90 57
53 91 81
53 92 77
53 93 27
53 94 34
53 95 81
53 96 88
53 97 33
53 98 59
53 99 51
54 55 40
54 56 67
54 57 75
54 58 69
54 59 5
54 60 22
54 61 28
54 62 31
54 63 9
54 64 46
54 65 44
54 66 53
54 67 51
54 68 19
54 69 97
54 70 52
54 71 20
54 72 34
54 73 57
54 74 42
54 75 91
54 76 17
54 77 65
54 78 88
54 79 7
54 80 26
54 81 77
54 82 85
54 83 10
54 84 97
54 85 5
54 86 84
54 87 44
54 88 61
54 89 53
54 90 53
54 91 18
54 92 50
54 93 85
54 94 79
54 95 1
54 96 99
54 97 84
54 98 0
54 99 53
55 56 72
55 57 80
55 58 41
55 59 78
55 60 90
55 61 91
55 62 0
55 63 42
55 64 78
55 65 13
55 66 4
55 67 71
55 68 64
55 69 81
55 70 10
55 71 85
55 72 39
55 73 11
55 74 17
55 75 23
55 76 65
55 77 3
55 78 38
55 79 25
55 80 19
55 81 93
55 82 33
55 83 30
55 84 83
55 85 90
55 86 26
55 87 28
55 88 55
55 89 86
55 90 47
55 91 3
55 92 38
55 93 18
55 94 88
55 95 87
55 96 48
55 97 31
55 98 2
55 99 68
56 57 12
56 58 80
56 59 73
56 60 32
56 61 35
56 62 18
56 63 31
56 64 73
56 65 71
56 66 61
56 67 20
56 68 10
56 69 89
56 70 48
56 71 76
56 72 83
56 73 59
56 74 18
56 75 19
56 76 66
56 77 59
56 78 31
56 79 45
56 80 87
56 81 0
56 82 85
56 83 76
56 84 85
56 85 38
56 86 77
56 87 35
56 88 77
56 89 57
56 90 48
56 91 12
56 92 11
56 93 82
56 94 55
56 95 68
56 96 22
56 97 90
56 98 20
56 99 1
57 58 14
57 59 44
57 60 29
57 61 45
57 62 56
57 63 78
57 64 71
57 65 93
57 66 83
57 67 20
57 68 52
57 69 69
57 70 83
57 71 66
57 72 19
57 73 36
57 74 42
57 75 73
57 76 25
57 77 74
57 78 15
57 79 84
57 80 67
57 81 47
57 82 30
57 83 64
57 84 4
57 85 6
57 86 34
57 87 30
57 88 38
57 89 84
57 90 77
57 91 65
57 92 40
57 93 21
57 94 15
57 95 35
57 96 59
57 97 92
57 98 7
57 99 13
58 59 66
58 60 86
58 61 97
58 62 71
58 63 52
58 64 37
58 65 23
58 66 13
58 67 45
58 68 90
58 69 87
58 70 92
58 71 58
58 72 3
58 73 78
58 74 27
58 75 71
58 76 38
58 77 75
58 78 49
58 79 36
58 80 51
58 81 13
58 82 60
58 83 16
58 84 48
58 85 69
58 86 31
58 87 46
58 88 7
58 89 70
58 90 65
58 91 60
58 92 83
58 93 12
58 94 37
58 95 24
58 96 50
58 97 10
58 98 39
58 99 90
59 60 32
59 61 70
59 62 6
59 63 84
59 64 75
59 65 19
59 66 39
59 67 31
59 68 91
59 69 80
59 70 99
59 71 51
59 72 10
59 73 15
59 74 87
59 75 25
59 76 23
59 77 92
59 78 31
59 79 88
59 80 33
59 81 37
59 82 35
59 83 87
59 84 31
59 85 35
59 86 74
59 87 56
59 88 22
59 89 64
59 90 18
59 91 60
59 92 0
59 93 13
59 94 86
59 95 46
59 96 92
59 97 23
59 98 98
59 99 75
60 61 75
60 62 35
60 63 77
60 64 40
60 65 77
60 66 89
60 67 87
60 68 81
60 69 72
60 70 40
60 71 11
60 72 62
60 73 74
60 74 78
60 75 63
60 76 46
60 77 42
60 78 65
60 79 23
60 80 90
60 81 49
60 82 69
60 83 50
60 84 69
60 85 83
60 86 93
60 87 63
60 88 13
60 89 23
60 90 61
60 91 91
60 92 94
60 93 42
60 94 26
60 95 88
60 96 88
60 97 66
60 98 31
60 99 27
61 62 64
61 63 27
61 64 3
61 65 6
61 66 34
61 67 5
61 68 62
61 69 87
61 70 48
61 71 84
61 72 11
61 73 88
61 74 64
61 75 7
61 76 91
61 77 32
61 78 57
61 79 36
61 80 45
61 81 14
61 82 59
61 83 90
61 84 14
61 85 61
61 86 88
61 87 37
61 88 12
61 89 54
61 90 33
61 91 6
61 92 23
61 93 39
61 94 18
61 95 21
61 96 3
61 97 82
61 98 96
61 99 2
62 63 31
62 64 13
62 65 20
62 66 77
62 67 88
62 68 6
62 69 92
62 70 85
62 71 40
62 72 39
62 73 19
62 74 98
62 75 30
62 76 3
62 77 47
62 78 29
62 79 75
62 80 25
62 81 63
62 82 71
62 83 27
62 84 86
62 85 2
62 86 40
62 87 83
62 88 44
62 89 1
62 90 40
62 91 99
62 92 96
62 93 27
62 94 0
62 95 20
62 96 77
62 97 38
62 98 72
62 99 11
63 64 81
63 65 63
63 66 60
63 67 9
63 68 90
63 69 24
63 70 33
63 71 25
63 72 61
63 73 85
63 74 61
63 75 9
63 76 96
63 77 53
63 78 55
63 79 75
63 80 89
63 81 83
63 82 36
63 83 36
63 84 50
63 85 94
63 86 98
63 87 73
63 88 82
63 89 55
63 90 85
63 91 80
63 92 83
63 93 60
63 94 39
63 95 61
63 96 95
63 97 31
63 98 75
63 99 71
64 65 88
64 66 6
64 67 85
64 68 42
64 69 5
64 70 88
64 71 15
64 72 94
64 73 50
64 74 16
64 75 60
64 76 86
64 77 71
64 78 22
64 79 14
64 80 31
64 81 45
64 82 64
64 83 16
64 84 55
64 85 38
64 86 81
64 87 68
64 88 57
64 89 19
64 90 93
64 91 27
64 92 78
64 93 52
64 94 10
64 95 96
64 96 95
64 97 2
64 98 40
64 99 43
65 66 58
65 67 58
65 68 95
65 69 72
65 70 13
65 71 53
65 72 47
65 73 20
65 74 59
65 75 97
65 76 20
65 77 86
65 78 6
65 79 15
65 80 65
65 81 32
65 82 46
65 83 38
65 84 44
65 85 21
65 86 46
65 87 6
65 88 43
65 89 66
65 90 63
65 91 9
65 92 17
65 93 32
65 94 22
65 95 38
65 96 0
65 97 97
65 98 12
65 99 75
66 67 30
66 68 2
66 69 63
66 70 72
66 71 17
66 72 21
66 73 84
66 74 35
66 75 55
66 76 26
66 77 70
66 78 21
66 79 83
66 80 65
66 81 56
66 82 30
66 83 0
66 84 33
66 85 11
66 86 36
66 87 0
66 88 22
66 89 17
66 90 15
66 91 3
66 92 12
66 93 32
66 94 31
66 95 76
66 96 49
66 97 91
66 98 58
66 99 90
67 68 17
67 69 48
67 70 64
67 71 34
67 72 56
67 73 18
67 74 85
67 75 48
67 76 85
67 77 1
67 78 5
67 79 92
67 80 74
67 81 99
67 82 70
67 83 67
67 84 16
67 85 46
67 86 61
67 87 76
67 88 65
67 89 15
67 90 30
67 91 85
67 92 82
67 93 15
67 94 17
67 95 9
67 96 72
67 97 44
67 98 75
67 99 23
68 69 49
68 70 27
68 71 86
68 72 48
68 73 78
68 74 6
68 75 99
68 76 35
68 77 88
68 78 21
68 79 37
68 80 44
68 81 32
68 82 7
68 83 1
68 84 54
68 85 94
68 86 30
68 87 30
68 88 12
68 89 74
68 90 86
68 91 42
68 92 90
68 93 31
68 94 48
68 95 99
68 96 12
68 97 20
68 98 69
68 99 73
69 70 33
69 71 10
69 72 61
69 73 36
69 74 47
69 75 30
69 76 40
69 77 98
69 78 52
69 79 67
69 80 67
69 81 0
69 82 31
69 83 2
69 84 80
69 85 38
69 86 73
69 87 97
69 88 59
69 89 53
69 90 37
69 91 14
69 92 69
69 93 10
69 94 12
69 95 58
69 96 27
69 97 69
69 98 55
69 99 98
70 71 65
70 72 73
70 73 77
70 74 40
70 75 98
70 76 87
70 77 31
70 78 28
70 79 14
70 80 57
70 81 5
70 82 48
70 83 95
70 84 43
70 85 31
70 86 25
70 87 60
70 88 80
70 89 95
70 90 63
70 91 48
70 92 91
70 93 0
70 94 72
70 95 45
70 96 10
70 97 16
70 98 61
70 99 50
71 72 41
71 73 66
71 74 4
71 75 95
71 76 1
71 77 49
71 78 68
71 79 33
71 80 85
71 81 84
71 82 62
71 83 11
71 84 35
71 85 52
71 86 79
71 87 17
71 88 7
71 89 16
71 90 36
71 91 49
71 92 51
71 93 11
71 94 4
71 95 73
71 96 69
71 97 62
71 98 95
71 99 52
72 73 94
72 74 50
72 75 98
72 76 67
72 77 61
72 78 3
72 79 44
72 80 52
72 81 32
72 82 84
72 83 17
72 84 29
72 85 92
72 86 34
72 87 32
72 88 46
72 89 61
72 90 55
72 91 41
72 92 34
72 93 75
72 94 59
72 95 11
72 96 48
72 97 66
72 98 48
72 99 22
73 74 18
73 75 57
73 76 29
73 77 42
73 78 24
73 79 34
73 80 3
73 81 69
73 82 19
73 83 93
73 84 33
73 85 3
73 86 87
73 87 70
73 88 42
73 89 99
73 90 79
73 91 50
73 92 50
73 93 72
73 94 39
73 95 94
73 96 31
73 97 29
73 98 71
73 99 84
74 75 13
74 76 77
74 77 62
74 78 85
74 79 9
74 80 2
74 81 9
74 82 94
74 83 36
74 84 69
74 85 91
74 86 33
74 87 32
74 88 92
74 89 37
74 90 38
74 91 66
74 92 49
74 93 34
74 94 77
74 95 7
74 96 97
74 97 79
74 98 78
74 99 29
75 76 79
75 77 64
75 78 50
75 79 29
75 80 37
75 81 14
75 82 3
75 83 0
75 84 82
75 85 72
75 86 71
75 87 24
75 88 3
75 89 0
75 90 61
75 91 74
75 92 23
75 93 21
75 94 6
75 95 32
75 96 60
75 97 25
75 98 39
75 99 59
76 77 42
76 78 33
76 79 14
76 80 59
76 81 23
76 82 3
76 83 4
76 84 17
76 85 82
76 86 13
76 87 5
76 88 76
76 89 84
76 90 30
76 91 2
76 92 68
76 93 49
76 94 5
76 95 4
76 96 8
76 97 44
76 98 56
76 99 60
77 78 50
77 79 38
77 80 31
77 81 31
77 82 57
77 83 26
77 84 34
77 85 21
77 86 18
77 87 71
77 88 52
77 89 34
77 90 71
77 91 90
77 92 75
77 93 75
77 94 18
77 95 36
77 96 3
77 97 29
77 98 36
77 99 79
78 79 11
78 80 46
78 81 2
78 82 84
78 83 64
78 84 45
78 85 92
78 86 12
78 87 27
78 88 49
78 89 27
78 90 73
78 91 63
78 92 29
78 93 22
78 94 49
78 95 75
78 96 7
78 97 23
78 98 82
78 99 21
79 80 85
79 81 35
79 82 60
79 83 32
79 84 60
79 85 43
79 86 4
79 87 27
79 88 32
79 89 20
79 90 22
79 91 27
79 92 93
79 93 68
79 94 98
79 95 10
79 96 93
79 97 53
79 98 83
79 99 71
80 81 44
80 82 84
80 83 54
80 84 41
80 85 65
80 86 11
80 87 82
80 88 5
80 89 4
80 90 47
80 91 47
80 92 95
80 93 24
80 94 70
80 95 26
80 96 59
80 97 87
80 98 15
80 99 6
81 82 75
81 83 97
81 84 91
81 85 77
81 86 72
81 87 8
81 88 7
81 89 5
81 90 92
81 91 89
81 92 87
81 93 61
81 94 67
81 95 31
81 96 26
81 97 96
81 98 39
81 99 51
82 83 67
82 84 14
82 85 89
82 86 91
82 87 8
82 88 88
82 89 36
82 90 26
82 91 9
82 92 84
82 93 34
82 94 25
82 95 90
82 96 98
82 97 12
82 98 87
82 99 24
83 84 73
83 85 98
83 86 9
83 87 58
83 88 40
83 89 35
83 90 69
83 91 35
83 92 64
83 93 34
83 94 12
83 95 12
83 96 68
83 97 79
83 98 2
83 99 16
84 85 21
84 86 68
84 87 81
84 88 11
84 89 69
84 90 23
84 91 96
84 92 99
84 93 26
84 94 12
84 95 91
84 96 19
84 97 58
84 98 35
84 99 0
85 86 96
85 87 68
85 88 93
85 89 23
85 90 26
85 91 77
85 92 16
85 93 90
85 94 67
85 95 45
85 96 25
85 97 21
85 98 23
85 99 59
86 87 68
86 88 91
86 89 47
86 90 30
86 91 18
86 92 40
86 93 79
86 94 23
86 95 82
86 96 24
86 97 79
86 98 17
86 99 99
87 88 1
87 89 31
87 90 63
87 91 56
87 92 83
87 93 47
87 94 12
87 95 54
87 96 71
87 97 19
87 98 81
87 99 78
88 89 73
88 90 82
88 91 75
88 92 15
88 93 19
88 94 92
88 95 12
88 96 1
88 97 48
88 98 41
88 99 17
89 90 53
89 91 27
89 92 70
89 93 24
89 94 82
89 95 72
89 96 71
89 97 71
89 98 43
89 99 48
90 91 25
90 92 49
90 93 52
90 94 48
90 95 19
90 96 23
90 97 5
90 98 32
90 99 48
91 92 28
91 93 40
91 94 15
91 95 61
91 96 44
91 97 72
91 98 0
91 99 39
92 93 3
92 94 81
92 95 56
92 96 15
92 97 62
92 98 85
92 99 68
93 94 34
93 95 40
93 96 24
93 97 14
93 98 59
93 99 27
94 95 17
94 96 61
94 97 17
94 98 27
94 99 32
95 96 13
95 97 74
95 98 71
95 99 19
96 97 44
96 98 16
96 99 20
97 98 6
97 99 60
98 99 35
