269 906
558 154
771 593
166 968
63 329
740 129
905 717
704 270
328 782
293 66
416 621
480 958
190 13
999 548
567 620
862 489
542 192
571 696
66 343
208 279
306 646
0 629
392 259
836 420
96 136
47 798
491 511
949 506
787 515
662 893
391 365
559 265
451 727
147 900
530 906
1 601
15 978
968 290
621 618
825 19
67 254
70 692
81 24
18 292
63 529
160 225
459 203
402 62
925 446
667 521
193 564
523 653
872 175
562 282
876 512
667 715
890 919
296 28
451 177
994 982
917 929
609 431
439 43
149 539
217 166
247 756
98 531
550 85
657 720
776 699
670 188
92 967
668 195
684 410
211 3
955 833
596 466
176 677
56 4
408 724
275 554
567 73
625 278
126 59
426 279
152 927
754 828
622 827
934 295
369 997
554 156
347 389
130 168
760 649
827 405
349 714
164 601
246 793
179 82
954 23
237 204
719 891
386 462
966 550
551 622
194 945
394 929
701 126
311 66
309 37
