488 7
211 691
998 491
442 154
349 947
272 982
870 747
787 440
582 802
464 889
385 901
889 60
40 273
658 430
450 804
460 744
62 326
555 492
575 214
628 421
214 298
983 638
703 339
953 199
797 435
101 621
866 786
973 928
92 161
111 96
346 722
259 390
592 403
164 351
936 786
950 969
204 75
246 31
172 449
877 104
876 404
2 324
985 841
745 208
822 684
172 939
602 599
536 555
37 319
418 666
850 971
737 488
724 289
947 833
897 885
166 255
835 972
592 487
319 8
149 186
943 719
779 614
482 738
237 651
809 800
877 613
894 244
536 283
34 455
447 670
509 694
119 803
759 344
8 369
186 164
