475 796
173 403
496 988
424 663
201 906
496 354
340 857
753 85
699 155
790 441
426 381
153 291
887 548
490 908
311 881
853 376
772 934
49 258
906 919
300 78
583 824
257 384
687 480
64 279
491 634
334 410
788 279
434 662
677 199
556 951
314 277
409 561
820 563
53 728
706 103
1 708
382 283
55 677
252 516
762 472
578 18
719 847
814 82
235 641
24 57
270 233
275 198
84 925
856 516
354 864
421 260
744 266
909 514
428 493
986 141
727 712
842 427
575 349
603 548
31 925
55 192
295 723
378 656
376 277
905 344
628 478
382 154
726 894
885 840
336 628
117 818
288 944
822 571
974 381
983 585
773 111
868 890
421 884
584 730
149 361
275 31
626 312
718 247
173 319
139 225
443 103
664 392
215 202
710 842
985 923
391 669
46 724
170 855
791 788
560 241
